0 69
1 48
2 48
3 48
4 48
5 48
6 48
7 38
8 38
9 38
10 38
11 38
12 38
13 38
14 38
15 38
16 38
17 38
18 38
19 38
20 38
21 38
22 38
23 38
24 38
25 38
14 17
15 17
16 17
17 17
18 17
19 17
20 17
21 17
22 17
23 8
24 8
25 8
26 8
27 8
28 8
29 8
30 8
31 8
32 8
33 8
34 8
35 8
36 8
37 8
38 8
39 8
40 8
41 8
42 8
43 8
44 8
45 8
46 8
47 8
48 8
49 8
50 8
51 8
52 8
53 8
54 8
55 8
56 8
57 8
58 8
59 8
60 8
61 8
62 8
63 8
64 8
65 8
66 8
67 8
68 8
69 8
70 8
71 8
72 8
73 8
74 8
75 8
76 8
77 8
78 8
79 8
80 8
81 8
82 8
83 8
84 8
85 8
86 8
87 8
88 8
89 8
90 8
91 8
92 8
93 7
94 7
95 7
96 7
97 7
98 7
99 7
100 7
101 7
102 4
103 4
104 4
105 4
106 4
107 4
108 4
109 4
110 4
111 4
112 4
113 4
114 4
115 4
116 4
117 4
118 4
119 4
120 4
121 4
122 4
123 4
124 4
125 4
126 4
127 4
128 4
129 4
130 0
131 0
132 0
133 0
134 0
135 0
136 0
137 0
138 0
139 0
140 0
141 0
142 0
143 0
144 0
145 0
146 0
147 0
148 0
149 0
150 0
151 0
152 0
153 0
154 0
155 0
156 0
157 0
158 0
159 0
160 0
161 0
162 0
163 0
164 0
165 0
166 0
167 0
168 0
169 0
170 0
171 0
172 0
173 0
174 0
175 0
176 0
177 0
178 0
179 0
180 0
181 0
181 1
181 2
181 3
181 4
181 5
181 6
182 6
183 6
184 6
185 6
186 6
187 6
188 6
189 6
189 7
189 8
189 9
189 10
189 11
189 12
189 13
189 14
188 15
188 16
188 17
188 18
188 19
188 20
188 21
188 22
188 23
188 24
188 25
188 26
188 27
188 28
188 29
188 30
188 31
188 32
188 33
188 34
188 35
188 36
188 37
188 38
188 39
188 40
188 41
188 42
188 43
188 44
162 45
162 46
162 47
162 48
161 49
161 50
161 51
161 52
161 53
161 54
161 55
161 56
161 57
161 58
161 59
161 60
161 61
161 62
161 63
161 64
161 65
161 66
161 67
161 68
161 69
161 70
161 71
161 72
161 73
161 74
161 75
161 76
162 76
163 76
164 76
165 76
166 76
167 76
168 76
169 76
169 77
169 78
169 79
169 80
169 81
169 82
169 83
169 84
169 85
169 86
169 87
169 88
169 89
169 90
169 91
169 92
169 93
169 94
170 94
171 94
172 94
172 95
163 96
163 97
163 98
163 99
163 100
163 101
163 102
163 103
163 104
163 105
163 106
148 107
148 108
148 109
148 110
148 111
148 112
148 113
148 114
148 115
148 116
148 117
148 118
148 119
148 120
148 121
148 122
148 123
148 124
148 125
148 126
148 127
148 128
132 129
132 130
132 131
132 132
132 133
132 134
132 135
132 136
132 137
132 138
132 139
132 140
132 141
132 142
132 143
132 144
132 145
132 146
133 146
134 146
135 146
136 146
137 146
138 146
139 146
140 146
141 146
142 146
143 146
144 146
145 146
146 146
147 146
148 146
149 146
150 146
151 146
151 147
151 148
151 149
151 150
151 151
151 152
152 152
153 152
154 152
155 152
156 152
157 152
158 152
159 152
160 152
161 152
162 152
163 152
164 152
165 152
166 152
167 152
168 152
169 152
170 152
171 152
172 152
173 152
173 153
173 154
173 155
173 156
173 157
173 158
173 159
173 160
173 161
173 162
173 163
173 164
173 165
173 166
173 167
173 168
174 168
175 168
176 168
176 169
176 170
176 171
176 172
176 173
176 174
176 175
176 176
176 177
176 178
176 179
176 180
176 181
176 182
176 183
176 184
176 185
176 186
176 187
176 188
176 189
177 189
178 189
179 189
180 189
181 189
182 189
183 189
184 189
185 189
185 190
185 191
185 192
185 193
186 193
187 193
187 194
187 195
187 196
111 158
112 158
113 158
99 140
91 115
92 115
93 115
94 115
95 115
96 115
97 115
98 115
99 115
100 115
101 115
102 115
103 115
104 115
105 115
106 115
105 99
106 99
107 99
108 99
109 99
110 99
111 99
112 99
113 99
114 99
115 83
116 83
117 83
118 83
119 83
120 83
121 83
122 83
123 83
124 83
125 83
126 83
127 83
128 83
129 83
130 83
131 83
132 83
133 83
134 83
135 83
136 83
137 83
138 83
106 47
107 47
108 47
109 47
110 47
111 47
112 36
113 34
114 34
115 34
116 34
117 34
118 34
119 34
120 34
121 34
122 34
123 34
124 34
125 34
126 34
127 34
128 34
129 31
130 31
131 31
132 31
133 31
134 22
135 22
136 22
137 22
138 22
139 22
140 22
141 22
135 13
96 14
96 15
96 16
96 17
82 18
82 19
82 20
82 21
82 22
82 23
82 24
82 25
82 26
82 27
82 28
82 29
82 30
82 31
82 32
82 33
82 34
82 35
82 36
79 37
79 38
79 39
79 40
79 41
79 42
80 42
81 42
82 42
83 42
83 43
83 44
83 45
83 46
83 47
83 48
83 49
83 50
83 51
83 52
83 53
83 54
83 55
83 56
83 57
83 58
83 59
83 60
83 61
83 62
84 62
85 62
86 62
86 63
86 64
86 65
72 66
72 67
72 68
72 69
72 70
72 71
72 72
72 73
73 73
74 73
75 73
75 74
75 75
75 76
75 77
75 78
75 79
75 80
58 81
58 82
58 83
58 84
58 85
58 86
58 87
58 88
48 89
48 90
48 91
48 92
48 93
48 94
34 95
34 96
34 97
34 98
34 99
34 100
34 101
34 102
34 103
34 104
34 105
34 106
34 107
34 108
34 109
22 110
22 111
22 112
22 113
22 114
22 115
22 116
22 117
22 118
22 119
22 120
22 121
22 122
22 123
22 124
22 125
22 126
22 127
22 128
22 129
22 130
22 131
22 132
22 133
22 134
22 135
22 136
22 137
4 138
4 139
4 140
4 141
4 142
4 143
4 144
4 145
4 146
4 147
4 148
4 149
4 150
4 151
4 152
4 153
5 153
6 153
7 153
8 153
9 153
10 153
11 153
12 153
13 153
14 153
15 153
16 153
17 153
18 153
19 153
20 153
21 153
22 153
23 153
24 153
25 153
26 153
27 153
28 153
28 154
28 155
28 156
28 157
28 158
28 159
28 160
28 161
28 162
28 163
28 164
28 165
17 166
17 167
17 168
17 169
17 170
17 171
17 172
17 173
17 174
17 175
17 176
17 177
17 178
17 179
17 180
17 181
17 182
17 183
17 184
18 184
19 184
19 185
19 186
19 187
19 188
19 189
19 190
20 190
21 190
22 190
23 190
24 190
25 190
26 190
27 190
28 190
29 190
30 190
31 190
32 190
33 190
34 190
35 190
36 190
37 190
38 190
39 190
40 190
41 190
42 190
43 190
44 190
45 190
46 190
47 190
48 190
49 190
50 190
50 191
50 192
51 192
52 192
53 192
54 192
55 192
56 192
57 192
58 192
59 192
60 192
61 192
62 192
63 192
64 192
65 192
66 192
67 192
68 192
69 192
70 192
71 192
72 192
73 192
74 192
75 192
76 192
77 192
78 192
79 192
80 192
81 192
82 192
83 192
84 192
85 192
86 192
87 192
88 192
89 192
90 192
91 192
92 192
93 192
94 192
95 192
96 192
97 192
98 192
99 192
100 192
101 192
102 192
103 192
103 193
103 194
103 195
104 195
105 195
106 195
107 195
108 195
109 195
110 195
111 195
112 195
113 195
114 195
115 195
116 195
117 195
118 177
119 177
120 177
121 177
122 177
123 177
71 123
72 123
73 123
74 123
75 123
76 123
77 123
78 123
79 123
80 123
10 52
11 52
12 52
13 52
14 52
15 52
16 46
17 46
18 46
19 46
20 46
21 46
22 46
23 46
24 46
25 46
26 46
27 46
28 46
29 46
30 46
31 46
32 46
33 46
34 46
35 46
36 46
37 46
38 43
39 43
40 43
41 43
42 43
43 43
44 43
45 43
46 43
47 43
48 43
49 43
50 43
51 43
52 27
53 27
54 27
55 27
56 27
57 27
58 27
59 27
60 27
61 27
62 27
63 27
64 27
49 19
49 20
49 21
49 22
49 23
49 24
49 25
49 26
49 27
49 28
49 29
49 30
49 31
49 32
49 33
49 34
49 35
49 36
49 37
49 38
49 39
49 40
49 41
49 42
49 43
49 44
49 45
49 46
49 47
49 48
49 49
46 50
46 51
46 52
46 53
46 54
46 55
46 56
46 57
46 58
46 59
43 60
43 61
43 62
43 63
42 64
42 65
42 66
42 67
42 68
42 69
42 70
42 71
42 72
42 73
42 74
42 75
42 76
42 77
42 78
42 79
42 80
42 81
42 82
42 83
42 84
42 85
2 86
2 87
2 88
2 89
2 90
2 91
2 92
2 93
2 94
2 95
2 96
2 97
2 98
2 99
2 100
2 101
2 102
2 103
2 104
2 105
2 106
2 107
2 108
2 109
2 110
2 111
2 112
2 113
2 114
2 115
2 116
2 117
2 118
2 119
2 120
2 121
2 122
2 123
2 124
2 125
2 126
2 127
2 128
2 129
2 130
2 131
2 132
2 133
2 134
2 135
2 136
2 137
3 137
4 137
5 137
6 137
7 137
8 137
9 137
10 137
11 137
12 137
13 137
14 137
15 137
16 137
17 137
18 137
19 137
20 137
21 137
22 137
23 137
24 137
25 137
26 137
27 137
28 137
29 137
30 137
31 137
32 137
33 137
34 137
35 137
36 137
37 137
38 137
39 137
40 137
41 137
42 137
43 137
44 137
44 138
44 139
44 140
44 141
44 142
44 143
44 144
44 145
44 146
44 147
44 148
44 149
44 150
44 151
44 152
44 153
44 154
44 155
44 156
44 157
44 158
44 159
44 160
44 161
44 162
44 163
44 164
44 165
44 166
44 167
44 168
44 169
44 170
44 171
44 172
44 173
45 173
46 173
47 173
48 173
49 173
50 173
51 173
52 173
53 173
54 173
55 173
56 173
57 173
58 173
59 173
60 173
61 173
62 173
63 173
64 173
65 173
66 173
66 174
66 175
66 176
66 177
66 178
66 179
66 180
66 181
66 182
66 183
66 184
66 185
66 186
61 124
62 124
63 124
64 124
65 124
66 124
67 124
68 124
69 124
70 124
71 124
72 124
73 124
74 124
75 124
76 124
77 124
78 124
79 124
80 124
81 124
82 124
83 124
84 124
85 124
86 124
87 124
88 124
89 124
90 124
91 124
92 124
93 124
94 124
95 124
96 124
97 124
98 124
99 124
100 124
101 124
102 124
103 124
104 124
105 124
106 124
107 124
108 124
109 124
110 124
111 124
112 124
113 124
114 124
115 124
116 124
117 124
118 124
119 124
120 124
117 93
118 93
119 93
120 93
121 93
122 93
123 93
124 93
125 93
126 93
127 93
128 93
129 93
130 93
131 93
132 93
133 93
134 93
135 93
136 93
137 93
138 93
139 93
140 93
141 93
142 93
143 93
144 93
145 93
146 93
147 93
148 93
149 56
150 56
151 56
152 56
153 56
154 56
155 56
156 56
157 56
158 56
159 56
160 56
161 56
162 56
163 56
164 56
165 56
166 56
167 56
168 56
169 56
170 56
171 56
172 56
173 56
174 56
175 56
176 56
177 56
178 56
179 56
180 56
181 56
182 56
183 56
184 56
185 56
186 56
187 56
188 56
189 56
190 56
191 56
191 57
191 58
191 59
191 60
191 61
191 62
191 63
191 64
191 65
191 66
191 67
191 68
191 69
191 70
191 71
191 72
191 73
191 74
191 75
191 76
191 77
191 78
191 79
191 80
191 81
191 82
191 83
191 84
191 85
191 86
191 87
191 88
191 89
191 90
191 91
191 92
191 93
191 94
191 95
191 96
191 97
191 98
191 99
191 100
191 101
191 102
192 102
193 102
194 102
195 102
196 102
197 102
198 102
198 103
198 104
198 105
198 106
198 107
198 108
198 109
198 110
198 111
198 112
198 113
198 114
198 115
198 116
198 117
198 118
198 119
198 120
198 121
198 122
198 123
198 124
198 125
198 126
198 127
196 128
196 129
196 130
196 131
196 132
196 133
196 134
196 135
196 136
196 137
196 138
196 139
196 140
196 141
196 142
196 143
196 144
196 145
196 146
196 147
196 148
196 149
180 127
180 128
180 129
180 130
180 131
168 132
168 133
168 134
168 135
168 136
168 137
168 138
160 139
160 140
160 141
160 142
160 143
160 144
161 144
162 144
163 144
164 144
165 144
166 144
167 144
168 144
169 144
170 144
171 144
172 144
173 144
174 144
175 144
176 144
177 144
178 144
179 144
180 144
181 144
182 144
183 144
184 144
185 144
186 144
187 144
188 144
189 144
190 144
191 144
192 144
193 144
194 144
195 144
196 144
197 144
198 144
199 144
