0 353
1 339
2 339
3 339
4 339
5 339
6 339
7 339
8 339
9 339
10 339
11 339
12 339
13 339
14 339
15 339
16 339
17 339
18 339
19 339
20 339
21 339
22 339
23 316
24 316
25 316
26 316
27 316
28 316
29 316
30 308
31 308
32 308
33 308
34 308
35 308
36 308
37 308
38 308
39 308
40 307
41 307
42 307
43 307
38 279
39 279
40 279
41 279
42 279
43 279
44 279
45 279
32 265
33 265
34 237
35 237
36 237
37 237
38 237
39 237
40 237
41 237
42 237
43 237
44 237
45 237
46 237
47 237
48 237
49 237
50 237
51 237
52 237
53 237
54 237
54 205
55 205
56 205
57 205
58 205
59 205
60 205
61 205
62 205
63 205
64 205
65 205
66 205
67 180
68 180
69 180
70 180
71 180
72 180
73 180
57 138
58 138
59 138
60 138
61 138
62 138
63 138
64 138
65 138
66 138
67 138
68 138
69 138
70 138
71 138
72 138
73 138
74 138
75 138
76 121
77 121
78 121
79 121
79 100
80 100
81 100
82 100
83 100
84 100
85 100
86 100
87 100
88 95
89 95
90 95
91 95
92 95
93 95
94 95
95 95
96 95
97 95
98 95
99 95
100 95
101 95
102 95
103 95
104 95
105 95
105 71
106 71
107 71
108 71
109 71
110 71
111 71
112 71
113 52
114 52
115 52
116 52
117 52
118 52
119 52
120 52
121 52
122 52
123 52
124 52
125 52
126 52
127 39
128 39
129 39
130 39
58 0
59 0
60 0
61 0
62 0
63 0
64 0
65 0
66 0
67 0
68 0
69 0
70 0
71 0
72 0
73 0
74 0
75 0
76 0
77 0
78 0
79 0
80 0
81 0
82 0
83 0
84 0
85 0
86 0
87 0
88 0
89 0
90 0
91 0
92 0
93 0
94 0
95 0
96 0
97 0
98 0
99 0
100 0
101 0
102 0
103 0
104 0
105 0
106 0
107 0
108 0
109 0
110 0
111 0
112 0
113 0
114 0
115 0
116 0
117 0
118 0
119 0
120 0
121 0
122 0
123 0
124 0
125 0
126 0
127 0
128 0
129 0
130 0
131 0
132 0
133 0
134 0
135 0
136 0
137 0
138 0
139 0
140 0
141 0
142 0
143 0
144 0
145 0
146 0
147 0
148 0
149 0
150 0
151 0
152 0
153 0
154 0
155 0
156 0
157 0
158 0
159 0
160 0
161 0
162 0
163 0
164 0
165 0
166 0
167 0
168 0
169 0
170 0
171 0
172 0
173 0
174 0
175 0
176 0
177 0
178 0
179 0
180 0
181 0
182 0
183 0
184 0
185 0
186 0
187 0
188 0
189 0
190 0
191 0
192 0
193 0
194 0
195 0
196 0
197 0
198 0
199 0
200 0
201 0
202 0
203 0
204 0
205 0
206 0
207 0
208 0
209 0
210 0
211 0
212 0
213 0
214 0
215 0
216 0
217 0
218 0
219 0
220 0
221 0
222 0
223 0
224 0
225 0
226 0
227 0
228 0
229 0
230 0
231 0
232 0
233 0
234 0
235 0
236 0
237 0
238 0
239 0
240 0
241 0
242 0
243 0
244 0
245 0
246 0
247 0
248 0
249 0
250 0
251 0
252 0
253 0
254 0
255 0
256 0
257 0
258 0
259 0
260 0
261 0
262 0
263 0
264 0
265 0
266 0
267 0
268 0
269 0
270 0
271 0
272 0
273 0
274 0
275 0
276 0
277 0
278 0
279 0
280 0
281 0
282 0
283 0
284 0
285 0
286 0
287 0
288 0
289 0
290 0
291 0
292 0
293 0
294 0
295 0
296 0
297 0
298 0
299 0
300 0
301 0
302 0
303 0
304 0
305 0
306 0
307 0
308 0
309 0
310 0
311 0
312 0
313 0
314 0
315 0
316 0
317 0
318 0
319 0
320 0
321 0
322 0
323 0
324 0
325 0
326 0
327 0
328 0
329 0
330 0
331 0
332 0
333 0
334 0
335 0
336 0
337 0
338 0
339 0
340 0
341 0
342 0
343 0
344 0
345 0
346 0
347 0
348 0
349 0
350 0
351 0
352 0
353 0
354 0
355 0
356 0
357 0
358 0
359 0
360 0
361 0
362 0
363 0
364 0
365 0
366 0
367 0
368 0
369 0
370 0
371 0
372 0
373 0
374 0
375 0
376 0
377 0
378 0
379 0
380 0
381 0
382 0
383 0
384 0
385 0
386 0
387 0
388 0
389 0
390 0
391 0
392 0
393 0
394 0
395 0
396 0
397 0
398 0
399 0
400 0
401 0
402 0
403 0
404 0
405 0
406 0
407 0
408 0
409 0
410 0
411 0
412 0
413 0
414 0
415 0
416 0
417 0
418 0
419 0
420 0
421 0
422 0
423 0
424 0
425 0
426 0
427 0
428 0
429 0
430 0
431 0
432 0
432 1
432 2
432 3
432 4
432 5
432 6
432 7
432 8
433 8
434 8
435 8
436 8
437 8
438 8
439 8
440 8
441 8
442 8
443 8
443 9
444 9
445 9
446 9
447 9
448 9
449 9
450 9
451 9
452 9
453 9
454 9
455 9
456 9
457 9
458 9
458 10
459 10
460 10
461 10
462 10
463 10
464 10
465 10
466 10
467 10
468 10
469 10
470 10
471 10
472 10
472 11
472 12
472 13
472 14
472 15
472 16
472 17
472 18
472 19
472 20
472 21
472 22
472 23
472 24
472 25
472 26
472 27
472 28
472 29
472 30
472 31
472 32
472 33
472 34
472 35
472 36
472 37
472 38
472 39
472 40
472 41
472 42
469 43
469 44
469 45
469 46
469 47
469 48
469 49
469 50
469 51
469 52
469 53
469 54
469 55
464 56
464 57
464 58
464 59
464 60
465 60
466 60
467 60
468 60
469 60
470 60
471 60
472 60
473 60
474 60
475 60
476 60
477 60
478 60
479 60
480 60
481 60
482 60
482 61
482 62
482 63
482 64
482 65
482 66
482 67
483 67
484 67
484 68
484 69
484 70
484 71
484 72
484 73
484 74
484 75
484 76
452 77
452 78
452 79
452 80
452 81
452 82
452 83
452 84
452 85
452 86
452 87
453 87
454 87
455 87
456 87
457 87
457 88
457 89
457 90
457 91
457 92
457 93
457 94
457 95
457 96
457 97
457 98
458 98
459 98
460 98
461 98
462 98
463 98
464 98
465 98
466 98
467 98
468 98
469 98
470 98
471 98
472 98
473 98
474 98
475 98
476 98
477 98
478 98
479 98
480 98
481 98
482 98
483 98
484 98
485 98
486 98
487 98
488 98
489 98
490 98
491 98
492 98
493 98
494 98
495 98
496 98
497 98
497 99
497 100
497 101
497 102
497 103
497 104
497 105
497 106
497 107
497 108
497 109
497 110
497 111
497 112
497 113
497 114
497 115
497 116
497 117
497 118
497 119
497 120
497 121
497 122
497 123
497 124
497 125
497 126
497 127
497 128
487 129
487 130
487 131
487 132
487 133
487 134
487 135
487 136
487 137
487 138
487 139
487 140
487 141
487 142
487 143
487 144
487 145
487 146
487 147
487 148
487 149
487 150
487 151
487 152
487 153
487 154
487 155
487 156
487 157
488 157
489 157
490 157
491 157
492 157
493 157
494 157
495 157
495 158
495 159
495 160
495 161
495 162
495 163
495 164
455 165
455 166
455 167
455 168
455 169
455 170
455 171
455 172
455 173
455 174
455 175
455 176
455 177
455 178
455 179
455 180
455 181
455 182
455 183
455 184
455 185
455 186
455 187
453 188
453 189
453 190
453 191
453 192
453 193
453 194
453 195
453 196
453 197
453 198
453 199
453 200
453 201
453 202
453 203
437 204
437 205
437 206
437 207
437 208
437 209
437 210
437 211
437 212
437 213
437 214
437 215
437 216
438 216
439 216
440 216
441 216
442 216
443 216
444 216
445 216
446 216
447 216
448 216
449 216
450 216
451 216
452 216
453 216
454 216
455 216
456 216
457 216
458 216
459 216
460 216
461 216
462 216
463 216
464 216
465 216
466 216
467 216
468 216
469 216
470 216
471 216
472 216
473 216
474 216
474 217
474 218
474 219
474 220
474 221
474 222
474 223
474 224
475 224
476 224
476 225
476 226
476 227
476 228
476 229
476 230
476 231
476 232
476 233
476 234
476 235
476 236
476 237
476 238
476 239
476 240
476 241
476 242
476 243
476 244
476 245
476 246
476 247
476 248
476 249
476 250
476 251
476 252
477 252
478 252
478 253
478 254
478 255
478 256
478 257
478 258
478 259
478 260
479 260
480 260
481 260
482 260
483 260
483 261
483 262
484 262
485 262
486 262
487 262
488 262
489 262
490 262
491 262
492 262
493 262
494 262
495 262
496 262
496 263
496 264
496 265
496 266
496 267
496 268
496 269
496 270
496 271
496 272
496 273
496 274
496 275
496 276
496 277
486 278
486 279
486 280
487 280
488 280
489 280
490 280
490 281
490 282
490 283
490 284
490 285
490 286
490 287
490 288
490 289
490 290
490 291
490 292
491 292
492 292
493 292
493 293
493 294
493 295
493 296
493 297
493 298
493 299
493 300
493 301
493 302
493 303
480 304
480 305
480 306
480 307
480 308
477 309
477 310
477 311
477 312
477 313
477 314
477 315
477 316
477 317
477 318
477 319
477 320
477 321
477 322
454 323
454 324
454 325
454 326
454 327
454 328
454 329
454 330
454 331
454 332
454 333
454 334
446 335
446 336
446 337
444 338
444 339
444 340
444 341
438 342
438 343
438 344
438 345
438 346
438 347
438 348
438 349
438 350
438 351
438 352
415 353
415 354
415 355
415 356
415 357
415 358
415 359
415 360
415 361
415 362
415 363
415 364
415 365
415 366
415 367
415 368
416 368
417 368
418 368
419 368
419 369
419 370
419 371
419 372
419 373
419 374
419 375
419 376
408 377
408 378
408 379
408 380
408 381
408 382
407 383
407 384
407 385
407 386
407 387
407 388
407 389
407 390
407 391
407 392
407 393
407 394
407 395
407 396
407 397
407 398
407 399
407 400
407 401
407 402
407 403
407 404
386 405
386 406
386 407
386 408
386 409
384 410
384 411
384 412
384 413
383 414
383 415
383 416
383 417
384 417
385 417
386 417
387 417
388 417
389 417
390 417
391 417
391 418
392 418
393 418
394 418
395 418
395 419
395 420
395 421
395 422
395 423
395 424
395 425
395 426
395 427
396 427
397 427
398 427
399 427
400 427
401 427
401 428
401 429
402 429
403 429
404 429
405 429
406 429
407 429
408 429
409 429
410 429
411 429
412 429
413 429
414 429
415 429
416 429
417 429
418 429
419 429
420 429
421 429
421 430
421 431
421 432
421 433
421 434
421 435
422 435
423 435
424 435
425 435
426 435
427 435
428 435
429 435
430 435
431 435
432 435
433 435
434 435
435 435
436 435
436 436
436 437
436 438
436 439
436 440
436 441
436 442
436 443
436 444
436 445
437 445
438 445
439 445
440 445
441 445
442 445
443 445
444 445
445 445
446 445
447 445
448 445
449 445
450 445
451 445
451 446
451 447
451 448
451 449
451 450
451 451
451 452
451 453
451 454
451 455
452 455
453 455
454 455
455 455
456 455
457 455
458 455
459 455
460 455
461 455
462 455
463 455
464 455
465 455
466 455
467 455
467 456
467 457
467 458
467 459
467 460
467 461
467 462
467 463
467 464
467 465
468 465
469 465
470 465
471 465
472 465
473 465
474 465
475 465
476 465
477 465
478 465
479 465
480 465
481 465
482 465
483 465
484 465
485 465
485 466
485 467
485 468
485 469
485 470
485 471
485 472
485 473
485 474
485 475
486 475
487 475
488 475
488 476
488 477
488 478
488 479
488 480
488 481
488 482
488 483
488 484
488 485
488 486
488 487
488 488
489 488
490 488
491 488
492 488
493 488
494 488
494 489
494 490
494 491
494 492
494 493
494 494
494 495
494 496
494 497
475 498
147 495
148 495
149 495
150 495
151 495
152 495
153 495
154 495
155 495
156 495
157 495
158 495
159 489
160 489
161 463
162 463
163 463
164 440
165 440
166 440
167 440
168 440
169 440
170 440
171 440
172 440
173 440
174 440
175 440
176 440
169 424
170 424
171 424
172 424
173 424
174 424
175 424
172 396
173 396
174 396
175 396
176 396
177 396
178 396
179 396
180 396
181 396
182 396
183 396
184 396
185 396
186 396
187 388
188 388
189 388
190 388
191 388
192 388
193 388
194 388
195 388
196 388
197 388
198 388
199 388
200 388
201 388
202 388
203 388
204 387
205 387
206 387
207 387
208 387
209 387
210 387
211 387
212 387
213 387
214 387
215 387
205 364
206 364
189 330
190 330
191 330
192 330
193 330
194 330
195 330
196 330
197 330
198 330
199 330
200 330
201 330
202 330
203 330
204 330
205 330
206 330
207 330
208 330
209 330
210 325
211 325
212 325
213 325
214 325
212 291
213 291
214 291
215 291
216 291
217 291
218 291
219 291
220 291
221 291
222 291
223 291
224 291
225 291
226 291
227 291
228 291
229 291
230 291
231 291
232 291
233 291
234 271
235 271
236 256
237 256
238 256
239 256
240 256
241 256
242 256
243 256
244 256
245 256
246 256
247 256
245 223
246 223
247 223
248 223
249 223
250 223
251 223
252 223
253 223
254 223
255 223
256 223
257 209
258 209
259 209
260 209
261 209
262 209
263 209
264 209
265 209
266 209
256 160
257 160
258 160
259 160
260 160
261 160
262 160
263 160
264 160
265 160
266 160
267 160
268 153
269 153
270 153
271 153
272 153
273 153
274 153
275 153
276 153
277 153
278 153
279 153
280 153
281 153
282 153
283 153
284 153
285 153
286 153
287 153
288 153
289 153
290 153
291 153
292 153
291 126
292 126
293 126
294 126
295 126
296 126
297 126
298 126
299 126
300 126
301 126
302 126
303 126
304 118
305 118
306 118
307 118
308 118
309 118
310 118
311 118
312 118
313 118
314 118
315 118
316 102
317 102
318 102
319 102
320 102
321 102
322 102
323 102
324 102
325 102
326 102
327 102
328 102
329 102
330 102
331 99
332 99
333 99
334 99
335 99
336 99
337 99
338 99
339 99
340 99
341 99
342 99
343 99
344 99
345 99
346 99
347 99
348 99
349 99
350 99
351 99
352 92
353 92
354 92
355 92
356 92
357 92
358 92
359 92
324 59
325 59
326 59
327 59
328 59
329 59
330 59
331 59
332 59
333 59
334 59
335 59
336 59
337 59
338 59
339 59
340 59
341 59
342 59
343 41
344 41
345 41
346 41
347 41
348 41
349 41
350 41
296 2
296 3
296 4
296 5
296 6
296 7
296 8
296 9
296 10
296 11
296 12
296 13
296 14
296 15
296 16
296 17
296 18
296 19
296 20
296 21
297 21
298 21
299 21
300 21
301 21
302 21
303 21
304 21
305 21
306 21
307 21
308 21
309 21
310 21
311 21
312 21
313 21
314 21
315 21
316 21
317 21
318 21
319 21
320 21
321 21
322 21
323 21
323 22
323 23
323 24
323 25
321 26
321 27
321 28
321 29
322 29
322 30
322 31
322 32
322 33
322 34
322 35
322 36
322 37
322 38
322 39
322 40
322 41
309 42
309 43
301 44
301 45
301 46
301 47
301 48
301 49
301 50
301 51
301 52
301 53
301 54
301 55
301 56
301 57
301 58
301 59
301 60
301 61
301 62
295 63
295 64
295 65
295 66
295 67
295 68
295 69
295 70
295 71
295 72
295 73
295 74
295 75
295 76
295 77
295 78
295 79
295 80
295 81
295 82
295 83
295 84
294 85
294 86
294 87
294 88
294 89
294 90
288 91
288 92
288 93
288 94
288 95
288 96
288 97
288 98
288 99
288 100
288 101
288 102
288 103
288 104
288 105
288 106
288 107
288 108
288 109
288 110
288 111
288 112
288 113
259 114
259 115
259 116
259 117
259 118
259 119
259 120
259 121
259 122
259 123
259 124
259 125
259 126
259 127
259 128
259 129
259 130
260 130
260 131
260 132
260 133
260 134
260 135
260 136
260 137
260 138
260 139
260 140
260 141
260 142
260 143
260 144
260 145
233 146
233 147
233 148
233 149
233 150
234 150
235 150
235 151
235 152
235 153
235 154
225 155
225 156
225 157
225 158
225 159
225 160
225 161
222 162
222 163
222 164
222 165
222 166
222 167
222 168
222 169
222 170
222 171
222 172
222 173
222 174
222 175
222 176
206 177
206 178
206 179
206 180
206 181
206 182
206 183
206 184
206 185
206 186
206 187
206 188
206 189
206 190
202 191
202 192
202 193
202 194
203 194
204 194
205 194
206 194
207 194
208 194
209 194
209 195
210 195
211 195
212 195
213 195
214 195
215 195
216 195
217 195
218 195
219 195
220 195
221 195
222 195
223 195
224 195
224 196
224 197
224 198
224 199
224 200
224 201
224 202
224 203
224 204
224 205
224 206
224 207
224 208
224 209
224 210
224 211
191 212
191 213
191 214
191 215
191 216
191 217
191 218
191 219
191 220
192 220
193 220
193 221
193 222
193 223
193 224
193 225
193 226
193 227
193 228
194 228
195 228
196 228
196 229
196 230
196 231
196 232
196 233
196 234
196 235
196 236
196 237
186 238
186 239
186 240
186 241
186 242
186 243
186 244
183 245
183 246
183 247
183 248
183 249
183 250
183 251
183 252
183 253
170 254
170 255
170 256
170 257
170 258
170 259
170 260
170 261
171 261
172 261
173 261
174 261
175 261
176 261
177 261
178 261
179 261
180 261
181 261
182 261
183 261
184 261
185 261
186 261
187 261
188 261
188 262
188 263
188 264
188 265
188 266
188 267
188 268
189 268
190 268
191 268
192 268
193 268
194 268
195 268
196 268
197 268
198 268
199 268
200 268
201 268
201 269
201 270
201 271
201 272
201 273
201 274
201 275
201 276
201 277
201 278
201 279
201 280
201 281
201 282
201 283
201 284
201 285
201 286
158 287
146 288
146 289
146 290
146 291
146 292
146 293
146 294
146 295
146 296
146 297
146 298
146 299
146 300
146 301
146 302
146 303
146 304
146 305
147 305
148 305
149 305
150 305
151 305
152 305
153 305
154 305
154 306
154 307
154 308
154 309
154 310
154 311
154 312
154 313
154 314
154 315
154 316
134 317
134 318
134 319
134 320
134 321
134 322
134 323
134 324
134 325
134 326
134 327
134 328
134 329
135 329
135 330
135 331
135 332
135 333
135 334
135 335
135 336
135 337
135 338
135 339
133 340
133 341
133 342
133 343
133 344
133 345
133 346
123 347
123 348
123 349
123 350
123 351
123 352
123 353
123 354
123 355
123 356
123 357
123 358
123 359
123 360
123 361
123 362
123 363
123 364
123 365
123 366
123 367
123 368
123 369
123 370
124 370
125 370
126 370
127 370
128 370
129 370
130 370
131 370
132 370
133 370
134 370
135 370
136 370
137 370
138 370
139 370
140 370
140 371
140 372
140 373
140 374
140 375
140 376
140 377
140 378
140 379
140 380
140 381
140 382
140 383
140 384
140 385
140 386
140 387
140 388
140 389
140 390
140 391
140 392
141 392
142 392
142 393
142 394
142 395
142 396
142 397
142 398
142 399
142 400
142 401
142 402
142 403
142 404
143 404
144 404
145 404
146 404
147 404
148 404
149 404
149 405
149 406
149 407
149 408
149 409
149 410
149 411
149 412
149 413
149 414
149 415
149 416
149 417
149 418
138 419
138 420
139 420
140 420
141 420
142 420
143 420
144 420
145 420
146 420
147 420
148 420
149 420
150 420
151 420
152 420
153 420
154 420
155 420
156 420
157 420
158 420
159 420
160 420
161 420
162 420
163 420
164 420
165 420
165 421
165 422
165 423
165 424
165 425
165 426
165 427
165 428
165 429
165 430
165 431
165 432
165 433
165 434
165 435
165 436
165 437
165 438
165 439
165 440
165 441
166 441
167 441
168 441
169 441
170 441
171 441
172 441
173 441
174 441
175 441
176 441
177 441
178 441
179 441
180 441
181 441
182 441
183 441
184 441
185 441
186 441
187 441
188 441
189 441
190 441
190 442
190 443
190 444
190 445
190 446
190 447
190 448
190 449
190 450
190 451
191 451
192 451
192 452
192 453
192 454
192 455
192 456
192 457
192 458
192 459
192 460
192 461
192 462
192 463
192 464
192 465
192 466
192 467
192 468
192 469
193 469
194 469
195 469
195 470
195 471
195 472
195 473
195 474
195 475
185 476
185 477
185 478
185 479
185 480
185 481
185 482
185 483
185 484
185 485
185 486
185 487
185 488
185 489
185 490
185 491
185 492
185 493
185 494
185 495
175 496
175 497
176 497
177 497
178 497
179 497
180 497
181 497
182 497
183 497
184 497
185 497
186 497
187 497
188 497
189 497
190 497
191 497
192 497
193 497
194 497
195 497
196 497
197 497
198 497
199 497
200 497
201 497
202 497
203 497
204 497
205 497
206 497
207 497
208 497
209 497
210 497
211 497
212 497
213 497
214 497
215 497
216 497
217 497
218 497
219 497
220 497
221 497
222 497
223 497
224 497
225 497
226 497
227 497
228 497
229 497
230 497
231 497
232 497
233 497
234 497
235 497
236 497
237 497
238 497
239 497
240 497
241 497
242 497
243 497
244 497
245 497
246 497
247 497
248 497
249 497
250 497
251 497
252 497
253 497
254 497
255 497
256 497
257 497
258 497
259 497
260 497
261 497
262 497
263 497
264 497
265 497
266 497
267 497
268 497
269 497
270 497
271 497
272 497
273 497
274 497
275 497
276 497
277 497
278 497
279 497
280 497
281 497
282 497
283 497
284 497
285 497
286 497
287 497
288 497
289 497
290 497
291 497
292 497
293 497
294 497
295 497
296 497
297 497
298 497
299 497
300 497
301 497
302 497
303 497
304 497
305 497
306 497
307 497
308 497
309 497
310 497
311 497
312 497
313 497
314 497
315 497
316 497
317 497
318 497
319 497
320 497
321 497
322 497
323 497
324 497
325 497
326 497
327 497
328 497
329 497
330 497
331 497
332 497
333 497
334 497
335 497
336 497
337 497
338 497
339 497
340 497
341 497
342 497
343 497
344 497
345 497
346 497
347 497
348 497
349 497
350 497
351 497
352 497
353 497
354 497
355 497
356 497
357 497
358 497
359 497
360 497
361 497
362 497
363 497
364 497
365 497
366 497
367 497
368 497
369 497
370 497
371 497
372 497
373 497
374 497
375 497
376 497
377 497
378 497
379 497
380 497
381 497
382 497
383 497
384 497
385 497
386 497
387 497
388 497
389 497
390 497
391 497
392 497
393 497
394 497
395 497
396 497
397 497
398 497
399 497
400 497
401 497
402 497
403 497
404 497
405 497
406 497
407 497
408 497
409 497
410 497
411 497
412 497
413 497
414 497
415 497
416 497
417 497
418 497
419 497
420 497
421 497
422 497
423 497
424 497
425 497
426 497
427 497
428 497
416 458
417 458
418 458
419 458
420 458
421 458
422 453
423 453
424 453
425 453
426 453
427 453
428 453
429 453
430 453
341 399
342 399
343 399
344 399
345 399
320 334
321 334
322 334
323 334
324 334
325 334
326 334
327 334
328 334
329 334
330 334
331 334
332 334
333 334
334 334
335 334
336 334
337 334
338 334
339 334
340 334
341 334
342 334
343 334
344 334
345 332
346 332
347 332
348 332
349 332
350 332
351 332
352 332
344 312
345 312
346 312
347 312
348 312
349 312
350 312
351 312
352 312
353 312
354 312
355 312
356 312
357 290
358 290
359 290
360 290
361 290
362 290
363 290
364 290
365 290
366 290
367 290
368 290
369 290
370 290
371 290
372 290
373 290
374 290
375 290
376 290
377 290
378 290
379 284
380 284
381 284
382 284
383 284
384 284
385 284
386 284
387 284
388 284
389 284
390 284
391 284
392 284
393 284
394 284
395 284
396 284
397 267
398 267
399 267
400 267
401 267
402 267
403 267
404 267
405 267
406 267
407 267
408 267
364 227
365 227
366 227
367 227
368 227
369 227
370 227
371 227
372 227
373 227
374 227
375 227
376 227
377 227
378 222
379 222
362 202
363 202
364 202
365 202
366 202
367 202
368 202
369 202
370 198
371 198
372 198
373 198
374 198
375 198
376 198
377 198
378 198
379 198
380 198
363 168
364 168
365 168
366 168
367 168
368 168
369 168
370 168
371 168
372 168
373 168
374 168
375 168
376 168
377 168
378 168
379 168
380 168
381 168
382 168
383 168
384 168
385 151
386 151
387 151
388 151
389 151
390 151
391 151
392 151
393 151
394 151
395 151
396 151
397 151
398 151
399 151
400 151
401 151
402 151
403 151
404 151
405 151
373 120
374 120
375 103
376 103
377 103
378 103
379 103
380 103
381 103
368 88
369 88
370 88
371 88
367 6
368 6
369 6
370 6
371 6
372 6
373 6
374 6
375 6
376 6
377 6
378 6
379 6
380 6
381 6
382 6
383 6
384 6
385 6
386 6
387 6
388 6
389 6
390 6
391 6
392 6
393 5
394 5
395 5
396 5
397 5
398 5
399 5
400 5
401 5
402 5
403 5
404 5
405 5
406 5
407 5
408 5
409 5
410 5
411 5
412 5
413 5
414 5
415 5
416 5
417 5
418 5
419 5
420 5
421 5
422 5
423 5
424 5
425 5
426 5
427 5
428 5
429 5
430 5
431 5
432 5
433 5
434 5
435 5
436 5
437 5
438 5
439 5
440 5
441 5
442 5
443 5
444 5
445 5
446 5
447 5
448 5
449 5
450 5
451 5
452 5
453 5
454 5
455 5
456 5
457 5
458 5
459 5
460 5
461 5
462 5
463 5
464 5
465 5
466 5
467 5
468 5
469 5
470 5
471 5
472 5
473 5
474 5
475 5
476 5
477 5
478 5
479 5
480 5
481 5
482 5
483 5
484 5
485 5
486 5
487 5
488 5
489 5
490 5
491 5
492 5
493 5
494 5
495 5
496 5
497 5
171 3
171 4
171 5
171 6
171 7
171 8
171 9
171 10
171 11
171 12
171 13
156 14
156 15
156 16
156 17
156 18
156 19
156 20
156 21
156 22
156 23
153 24
153 25
153 26
153 27
153 28
153 29
153 30
153 31
153 32
153 33
153 34
153 35
153 36
153 37
153 38
153 39
153 40
153 41
153 42
153 43
153 44
153 45
153 46
153 47
153 48
151 49
151 50
151 51
151 52
151 53
151 54
151 55
151 56
151 57
151 58
151 59
151 60
151 61
151 62
151 63
151 64
151 65
151 66
151 67
151 68
145 69
145 70
145 71
145 72
145 73
145 74
145 75
145 76
145 77
145 78
145 79
145 80
145 81
145 82
145 83
146 83
147 83
148 83
149 83
150 83
151 83
152 83
153 83
154 83
155 83
156 83
157 83
157 84
157 85
157 86
157 87
157 88
157 89
157 90
157 91
157 92
157 93
157 94
158 94
159 94
160 94
161 94
162 94
163 94
164 94
165 94
166 94
167 94
167 95
167 96
167 97
167 98
167 99
167 100
167 101
167 102
167 103
167 104
167 105
167 106
167 107
167 108
167 109
167 110
167 111
167 112
167 113
167 114
167 115
167 116
167 117
167 118
167 119
167 120
167 121
167 122
167 123
167 124
167 125
167 126
162 127
162 128
162 129
162 130
162 131
162 132
162 133
162 134
162 135
162 136
162 137
162 138
162 139
162 140
162 141
162 142
162 143
160 144
160 145
160 146
160 147
160 148
160 149
160 150
160 151
160 152
160 153
160 154
160 155
160 156
160 157
160 158
160 159
160 160
160 161
160 162
148 163
148 164
148 165
148 166
148 167
148 168
148 169
148 170
148 171
148 172
149 172
150 172
151 172
152 172
152 173
152 174
152 175
152 176
152 177
152 178
152 179
152 180
152 181
152 182
152 183
152 184
152 185
152 186
152 187
152 188
152 189
152 190
152 191
152 192
152 193
152 194
152 195
152 196
152 197
153 197
154 197
155 197
155 198
155 199
155 200
156 200
157 200
158 200
159 200
160 200
161 200
162 200
163 200
164 200
165 200
166 200
167 200
168 200
169 200
170 200
171 200
172 200
173 200
173 201
173 202
173 203
173 204
173 205
173 206
173 207
173 208
173 209
173 210
173 211
174 211
175 211
176 211
177 211
178 211
178 212
178 213
178 214
178 215
178 216
178 217
178 218
178 219
178 220
178 221
178 222
178 223
178 224
178 225
178 226
178 227
178 228
178 229
178 230
178 231
178 232
178 233
178 234
178 235
178 236
179 236
180 236
181 236
182 236
182 237
182 238
182 239
174 240
174 241
174 242
174 243
174 244
174 245
174 246
174 247
174 248
163 249
163 250
163 251
163 252
163 253
163 254
163 255
163 256
163 257
163 258
163 259
163 260
163 261
163 262
163 263
163 264
163 265
163 266
163 267
163 268
163 269
163 270
163 271
163 272
163 273
163 274
163 275
141 276
141 277
141 278
141 279
141 280
141 281
141 282
141 283
141 284
141 285
141 286
141 287
141 288
141 289
141 290
141 291
141 292
141 293
141 294
141 295
141 296
141 297
141 298
141 299
141 300
141 301
141 302
141 303
141 304
141 305
141 306
141 307
141 308
141 309
125 310
125 311
125 312
125 313
125 314
125 315
125 316
125 317
125 318
125 319
125 320
125 321
125 322
125 323
125 324
125 325
125 326
125 327
125 328
125 329
125 330
116 331
116 332
116 333
116 334
116 335
116 336
116 337
116 338
116 339
116 340
116 341
116 342
116 343
117 343
118 343
118 344
118 345
118 346
118 347
118 348
118 349
118 350
118 351
118 352
118 353
89 354
89 355
89 356
89 357
89 358
89 359
89 360
89 361
89 362
89 363
89 364
89 365
86 366
86 367
86 368
86 369
86 370
86 371
86 372
86 373
86 374
86 375
86 376
86 377
86 378
87 378
88 378
89 378
90 378
91 378
92 378
93 378
94 378
95 378
96 378
96 379
97 379
98 379
99 379
100 379
101 379
102 379
103 379
104 379
105 379
106 379
107 379
108 379
109 379
110 379
111 379
111 380
111 381
111 382
111 383
111 384
111 385
111 386
111 387
111 388
111 389
111 390
111 391
111 392
111 393
111 394
111 395
111 396
111 397
111 398
111 399
111 400
111 401
111 402
107 403
107 404
107 405
107 406
107 407
107 408
107 409
107 410
107 411
107 412
107 413
107 414
107 415
107 416
107 417
107 418
107 419
107 420
107 421
107 422
107 423
107 424
107 425
107 426
107 427
107 428
107 429
107 430
107 431
107 432
107 433
90 434
90 435
90 436
90 437
90 438
90 439
90 440
90 441
90 442
90 443
90 444
90 445
90 446
90 447
90 448
90 449
90 450
90 451
90 452
90 453
90 454
90 455
90 456
90 457
90 458
90 459
90 460
90 461
90 462
90 463
90 464
90 465
64 466
64 467
64 468
64 469
64 470
64 471
64 472
64 473
64 474
64 475
64 476
64 477
64 478
64 479
64 480
50 481
50 482
50 483
50 484
50 485
37 486
37 487
37 488
37 489
37 490
37 491
37 492
37 493
13 468
14 468
15 468
16 464
17 464
18 464
19 464
20 464
21 464
22 464
23 464
15 436
16 436
17 436
18 436
19 409
20 409
21 409
22 409
23 409
24 409
25 409
26 409
27 409
28 409
29 409
30 409
31 409
32 409
33 409
34 409
35 398
36 398
37 398
38 398
39 398
40 398
41 398
42 398
43 398
44 398
45 398
46 398
47 398
48 398
49 398
50 398
51 398
52 398
53 398
54 398
55 398
56 398
57 398
58 398
59 398
60 390
61 390
62 390
63 386
64 386
65 380
66 380
67 380
68 380
69 380
70 380
71 380
72 380
73 380
74 380
47 318
48 295
49 295
50 295
51 295
52 293
53 293
54 293
55 293
56 293
57 293
58 293
59 293
60 293
61 293
62 293
63 293
64 293
65 293
66 293
67 293
68 293
69 293
70 293
71 293
72 293
73 293
74 293
75 293
76 293
77 293
78 293
79 293
80 293
81 293
82 273
83 273
84 269
85 269
86 269
87 269
88 269
89 269
90 269
91 269
92 269
93 269
73 235
74 235
75 235
76 235
77 235
78 235
79 235
80 235
81 235
82 235
83 235
84 235
85 235
86 235
87 235
88 235
89 235
90 235
91 235
92 235
93 235
94 235
95 235
96 235
97 235
98 235
99 230
100 230
101 230
102 218
103 218
104 218
105 218
106 218
107 218
108 218
109 218
109 203
110 203
111 203
112 203
113 203
114 203
115 203
116 203
117 203
118 203
119 203
98 141
99 141
100 141
101 141
102 141
103 141
104 141
105 141
106 141
107 141
101 112
102 112
103 112
104 109
105 109
106 109
107 109
108 109
109 109
110 109
111 109
112 109
113 109
114 109
115 101
116 101
117 101
118 101
119 101
120 101
121 101
122 101
123 101
124 101
125 101
126 80
127 80
128 80
129 80
7 7
8 7
9 7
10 7
11 7
12 7
13 7
14 7
15 7
16 7
17 7
18 7
19 7
20 7
21 7
22 7
23 7
24 7
25 7
26 7
27 7
28 7
29 7
30 7
31 7
32 7
33 7
34 7
35 7
36 7
37 7
38 7
39 7
40 7
41 7
42 7
43 7
44 7
45 7
46 7
47 7
48 7
49 7
50 7
51 7
52 7
53 7
54 7
55 7
56 7
57 7
58 7
59 7
60 7
61 7
62 7
63 7
64 7
65 7
66 7
67 7
68 7
69 7
70 7
71 7
72 7
73 7
74 7
75 7
76 7
77 7
78 7
79 7
80 7
81 7
82 7
83 7
84 7
85 7
86 7
87 7
88 7
89 7
90 7
91 7
92 7
93 7
94 7
95 7
96 7
97 7
98 7
99 7
100 7
101 7
102 7
103 7
104 7
105 7
106 7
107 7
108 7
109 7
110 7
111 7
112 7
113 7
114 7
115 7
116 7
117 7
118 7
119 7
120 7
121 7
122 7
123 7
124 7
125 7
126 7
127 7
128 7
129 7
130 7
131 7
132 7
133 7
134 7
135 7
136 7
137 7
138 7
139 7
140 7
141 7
142 7
143 7
144 7
145 7
146 7
147 7
148 7
149 7
150 7
151 7
152 7
153 7
154 7
155 7
156 7
157 7
158 7
159 7
160 7
161 7
162 7
163 7
164 7
165 7
166 7
167 7
168 7
169 7
170 7
171 7
172 7
173 7
174 7
175 7
176 7
177 7
178 7
179 7
180 7
181 7
182 7
183 7
184 7
185 7
186 7
187 7
188 7
189 7
190 7
191 7
192 7
193 7
194 7
195 7
196 7
197 7
198 7
199 7
200 7
201 7
202 7
203 7
204 7
205 7
206 7
207 7
208 7
209 7
210 7
211 7
212 7
213 7
214 7
215 7
216 7
217 7
218 7
219 7
220 7
221 7
222 7
223 7
224 7
225 7
226 7
227 7
228 7
229 7
230 7
231 7
232 7
233 7
234 7
235 7
236 7
237 7
238 7
239 7
240 7
241 7
242 7
243 7
244 7
245 7
246 7
247 7
248 7
249 7
250 7
251 7
252 7
253 7
254 7
255 7
256 7
257 7
258 7
259 7
260 7
261 7
262 7
263 7
264 7
265 7
266 7
267 7
268 7
269 7
270 7
271 7
272 7
273 7
274 7
275 7
276 7
277 7
278 7
279 7
280 7
281 7
282 7
283 7
284 7
285 7
286 7
287 7
288 7
289 7
290 7
291 7
292 7
293 7
294 7
295 7
296 7
297 7
298 7
299 7
300 7
301 7
302 7
303 7
304 7
305 7
306 7
307 7
308 7
309 7
310 7
311 7
312 7
313 7
314 7
315 7
316 7
317 7
318 7
319 7
320 7
321 7
322 7
323 7
324 7
325 7
326 7
327 7
328 7
329 7
330 7
331 7
332 7
333 7
334 7
335 7
336 7
337 7
338 7
339 7
340 7
341 7
342 7
343 7
344 7
345 7
346 7
347 7
348 7
349 7
350 7
351 7
352 7
353 7
354 7
355 7
356 7
357 7
358 7
359 7
360 7
361 7
362 7
363 7
364 7
365 7
366 7
367 7
368 7
369 7
370 7
371 7
372 7
373 7
374 7
375 7
376 7
377 7
378 7
379 7
380 7
381 7
382 7
383 7
384 7
385 7
386 7
387 7
388 7
389 7
390 7
391 7
392 7
393 7
394 7
395 7
396 7
397 7
398 7
399 7
400 7
401 7
402 7
403 7
404 7
405 7
406 7
407 7
408 7
409 7
410 7
411 7
412 7
413 7
414 7
415 7
416 7
417 7
418 7
419 7
420 7
421 7
422 7
423 7
424 7
425 7
426 7
427 7
428 7
429 7
430 7
431 7
432 7
433 7
434 7
435 7
436 7
437 7
438 7
439 7
440 7
441 7
442 7
443 7
444 7
445 7
446 7
447 7
448 7
448 8
448 9
448 10
448 11
448 12
448 13
448 14
448 15
428 16
428 17
428 18
428 19
428 20
428 21
428 22
428 23
428 24
428 25
428 26
428 27
428 28
428 29
428 30
428 31
428 32
428 33
428 34
428 35
428 36
428 37
428 38
428 39
428 40
428 41
428 42
428 43
428 44
428 45
428 46
428 47
428 48
428 49
428 50
428 51
428 52
428 53
428 54
428 55
428 56
428 57
428 58
428 59
428 60
428 61
428 62
428 63
428 64
424 65
424 66
424 67
424 68
424 69
424 70
424 71
424 72
424 73
424 74
424 75
424 76
425 76
425 77
425 78
425 79
425 80
425 81
425 82
425 83
425 84
425 85
425 86
425 87
425 88
425 89
425 90
425 91
425 92
425 93
425 94
425 95
412 96
412 97
412 98
412 99
412 100
412 101
412 102
412 103
412 104
412 105
412 106
410 107
410 108
410 109
410 110
410 111
410 112
410 113
410 114
410 115
410 116
410 117
411 117
411 118
411 119
411 120
411 121
411 122
411 123
411 124
411 125
411 126
411 127
411 128
411 129
411 130
411 131
411 132
411 133
411 134
411 135
411 136
411 137
411 138
411 139
411 140
411 141
411 142
411 143
412 143
413 143
414 143
414 144
414 145
414 146
414 147
414 148
414 149
414 150
414 151
414 152
414 153
414 154
414 155
414 156
414 157
414 158
414 159
414 160
414 161
414 162
414 163
414 164
415 164
416 164
417 164
418 164
419 164
420 164
421 164
422 164
423 164
423 165
423 166
420 167
420 168
420 169
420 170
420 171
420 172
420 173
420 174
420 175
420 176
420 177
420 178
420 179
420 180
420 181
420 182
421 182
422 182
423 182
424 182
425 182
426 182
426 183
426 184
426 185
426 186
426 187
426 188
426 189
426 190
426 191
426 192
426 193
426 194
426 195
426 196
426 197
426 198
426 199
426 200
426 201
426 202
426 203
426 204
426 205
426 206
426 207
426 208
426 209
426 210
426 211
426 212
426 213
426 214
426 215
426 216
426 217
426 218
426 219
426 220
426 221
426 222
426 223
426 224
426 225
426 226
426 227
426 228
426 229
426 230
426 231
426 232
426 233
426 234
426 235
426 236
426 237
426 238
426 239
426 240
426 241
426 242
426 243
426 244
426 245
426 246
426 247
426 248
426 249
426 250
426 251
426 252
426 253
427 253
428 253
429 253
430 253
431 253
432 253
433 253
434 253
435 253
436 253
437 253
438 253
439 253
440 253
441 253
442 253
443 253
444 253
445 253
446 253
447 253
448 253
449 253
450 253
451 253
452 253
453 253
454 253
455 253
456 253
457 253
458 253
459 253
460 253
461 253
462 253
463 253
464 253
465 253
465 254
465 255
466 255
467 255
468 255
468 256
468 257
468 258
468 259
468 260
468 261
468 262
463 263
463 264
463 265
463 266
463 267
463 268
463 269
463 270
463 271
463 272
463 273
463 274
463 275
463 276
463 277
463 278
463 279
463 280
449 281
449 282
449 283
449 284
449 285
449 286
449 287
449 288
449 289
449 290
449 291
449 292
449 293
449 294
449 295
442 296
442 297
442 298
442 299
442 300
442 301
442 302
441 303
441 304
441 305
441 306
441 307
441 308
441 309
441 310
441 311
441 312
441 313
439 314
434 315
434 316
434 317
434 318
434 319
434 320
434 321
434 322
434 323
434 324
434 325
434 326
434 327
434 328
434 329
434 330
434 331
434 332
434 333
434 334
434 335
434 336
434 337
434 338
434 339
434 340
434 341
434 342
434 343
392 344
392 345
392 346
392 347
392 348
392 349
392 350
392 351
392 352
392 353
392 354
392 355
377 356
377 357
377 358
377 359
377 360
377 361
377 362
377 363
378 363
379 363
380 363
381 363
382 363
383 363
384 363
385 363
386 363
387 363
388 363
389 363
390 363
391 363
392 363
393 363
394 363
395 363
396 363
396 364
396 365
396 366
396 367
397 367
398 367
399 367
400 367
400 368
400 369
400 370
400 371
400 372
400 373
400 374
400 375
400 376
400 377
400 378
400 379
400 380
400 381
400 382
400 383
400 384
400 385
400 386
400 387
400 388
400 389
400 390
400 391
400 392
400 393
400 394
400 395
400 396
400 397
400 398
400 399
371 400
371 401
371 402
371 403
371 404
371 405
371 406
371 407
371 408
371 409
371 410
371 411
371 412
371 413
371 414
371 415
371 416
371 417
371 418
371 419
371 420
371 421
371 422
371 423
371 424
371 425
371 426
371 427
371 428
371 429
371 430
371 431
371 432
371 433
371 434
371 435
371 436
371 437
371 438
371 439
371 440
371 441
371 442
371 443
371 444
371 445
371 446
366 447
366 448
366 449
366 450
366 451
366 452
366 453
366 454
366 455
366 456
366 457
366 458
366 459
348 460
348 461
338 462
338 463
338 464
338 465
338 466
338 467
338 468
338 469
338 470
338 471
338 472
338 473
338 474
338 475
338 476
338 477
338 478
338 479
338 480
338 481
329 482
329 483
329 484
329 485
329 486
329 487
329 488
329 489
329 490
329 491
330 491
331 491
332 491
333 491
334 491
335 491
336 491
337 491
338 491
339 491
340 491
341 491
342 491
343 491
344 491
345 491
346 491
347 491
348 491
349 491
350 491
351 491
352 491
353 491
354 491
355 491
356 491
357 491
358 491
358 492
359 492
360 492
361 492
362 492
363 492
364 492
365 492
366 492
367 492
368 492
369 492
370 492
371 492
372 492
373 492
374 492
375 492
376 492
377 492
378 492
379 492
380 492
381 492
382 492
383 492
384 492
385 492
386 492
387 492
388 492
389 492
390 492
391 492
392 492
393 492
394 492
395 492
396 492
397 492
398 492
399 492
400 492
401 492
402 492
403 492
404 492
405 492
406 492
407 492
408 492
409 492
410 492
411 492
412 492
413 492
414 492
415 492
416 492
417 492
418 492
419 492
420 492
421 492
422 492
423 492
424 492
425 492
426 492
427 492
428 492
429 492
430 492
431 492
432 492
433 492
434 492
435 492
436 492
437 492
438 492
439 492
440 492
441 492
442 492
443 492
444 492
445 492
446 492
447 492
29 322
30 322
31 322
32 322
33 322
34 322
35 322
36 322
37 322
38 322
39 322
40 322
41 322
42 322
43 322
44 322
45 322
46 322
47 322
48 322
49 322
50 322
51 322
52 322
53 322
54 322
55 322
56 322
57 322
58 322
59 322
60 322
61 322
62 322
63 322
64 322
65 322
66 322
67 322
68 322
69 322
70 322
71 322
72 322
73 322
74 322
75 322
76 322
77 313
78 313
79 313
80 313
81 313
82 313
59 277
60 277
61 277
62 277
63 277
64 277
65 277
66 277
67 277
68 277
69 277
70 277
71 277
72 277
73 277
74 277
75 277
76 277
77 277
78 277
79 277
80 277
81 277
82 277
83 277
84 277
85 277
86 277
87 277
88 277
89 277
90 277
91 277
92 277
93 277
94 277
95 277
96 277
97 257
98 257
99 257
100 257
101 257
102 257
103 257
104 257
105 257
106 257
107 257
108 257
109 257
110 257
111 257
112 257
113 257
114 257
115 257
116 257
117 257
118 257
119 257
120 257
78 185
79 185
80 185
81 185
82 185
83 185
84 185
21 152
22 152
23 152
24 152
25 152
26 152
27 152
28 113
29 113
30 113
31 113
32 113
33 113
34 113
35 113
36 113
37 113
38 113
39 113
40 113
41 113
42 113
43 113
44 113
45 113
46 113
47 113
48 113
49 113
50 113
22 70
23 70
24 70
25 70
26 40
27 40
28 40
29 40
30 40
31 40
32 40
33 40
34 40
35 40
36 40
37 40
38 40
39 40
40 40
41 40
42 40
43 40
44 40
45 40
46 40
47 40
48 40
49 40
50 40
51 40
52 40
53 40
54 40
55 40
56 40
57 40
58 40
59 40
60 40
61 40
62 40
63 40
64 40
65 40
66 40
67 40
68 40
69 40
70 40
71 40
72 40
73 40
74 40
75 40
76 40
77 40
78 40
79 40
80 40
81 19
82 19
83 19
84 19
85 19
86 19
87 19
88 19
89 19
90 19
91 19
92 19
93 19
94 19
95 19
96 19
97 19
98 19
99 19
100 12
101 12
102 12
103 12
104 12
105 12
106 12
107 12
108 12
109 12
110 12
111 12
112 12
113 12
114 12
115 12
116 12
117 12
118 12
119 12
120 12
121 12
122 12
123 12
124 12
125 12
126 12
127 12
128 12
129 12
130 12
131 12
132 12
133 12
134 12
135 12
136 12
137 12
138 12
139 12
140 12
141 12
142 12
143 12
143 13
143 14
143 15
143 16
143 17
143 18
143 19
143 20
143 21
143 22
143 23
143 24
143 25
143 26
143 27
143 28
143 29
143 30
143 31
143 32
143 33
143 34
143 35
143 36
143 37
143 38
143 39
143 40
143 41
143 42
143 43
143 44
143 45
143 46
143 47
144 47
145 47
146 47
147 47
148 47
149 47
150 47
151 47
152 47
153 47
154 47
155 47
156 47
157 47
158 47
159 47
160 47
161 47
162 47
163 47
164 47
165 47
166 47
167 47
168 47
169 47
170 47
171 47
172 47
173 47
174 47
175 47
176 47
177 47
178 47
179 47
180 47
181 47
182 47
183 47
184 47
184 48
184 49
184 50
185 50
186 50
187 50
188 50
189 50
190 50
191 50
192 50
193 50
194 50
195 50
196 50
197 50
198 50
199 50
200 50
201 50
202 50
203 50
204 50
205 50
206 50
207 50
208 50
208 51
208 52
208 53
208 54
208 55
208 56
208 57
209 57
210 57
211 57
212 57
213 57
214 57
215 57
216 57
217 57
218 57
219 57
220 57
221 57
222 57
223 57
223 58
223 59
223 60
223 61
223 62
223 63
223 64
223 65
223 66
223 67
223 68
223 69
223 70
223 71
223 72
223 73
223 74
223 75
223 76
223 77
223 78
223 79
224 79
225 79
226 79
227 79
228 79
229 79
230 79
230 80
230 81
230 82
230 83
230 84
230 85
230 86
230 87
230 88
230 89
230 90
230 91
230 92
229 93
229 94
229 95
229 96
229 97
229 98
229 99
229 100
229 101
229 102
229 103
229 104
229 105
229 106
229 107
229 108
230 108
231 108
231 109
231 110
231 111
231 112
231 113
231 114
226 115
226 116
226 117
226 118
226 119
226 120
226 121
226 122
226 123
214 124
214 125
214 126
214 127
214 128
214 129
214 130
214 131
214 132
214 133
214 134
214 135
214 136
214 137
214 138
214 139
214 140
214 141
214 142
214 143
214 144
214 145
214 146
214 147
215 147
216 147
217 147
218 147
219 147
220 147
221 147
222 147
223 147
224 147
225 147
226 147
227 147
228 147
228 148
228 149
228 150
228 151
228 152
228 153
228 154
228 155
228 156
228 157
228 158
228 159
228 160
228 161
228 162
228 163
228 164
228 165
200 166
200 167
200 168
198 169
198 170
198 171
198 172
198 173
198 174
181 175
181 176
181 177
181 178
181 179
181 180
181 181
181 182
181 183
179 184
179 185
179 186
179 187
179 188
179 189
179 190
179 191
179 192
179 193
179 194
179 195
179 196
179 197
179 198
179 199
179 200
179 201
179 202
179 203
179 204
179 205
179 206
179 207
179 208
179 209
179 210
180 210
180 211
180 212
180 213
180 214
180 215
180 216
180 217
180 218
180 219
180 220
180 221
180 222
180 223
180 224
180 225
180 226
180 227
180 228
180 229
180 230
180 231
180 232
180 233
180 234
180 235
180 236
180 237
180 238
180 239
180 240
180 241
180 242
180 243
180 244
180 245
180 246
180 247
150 248
150 249
150 250
150 251
150 252
150 253
150 254
150 255
150 256
150 257
150 258
150 259
151 259
152 259
153 259
154 259
155 259
156 259
157 259
158 259
159 259
160 259
161 259
162 259
163 259
164 259
165 259
166 259
167 259
168 259
169 259
170 259
171 259
172 259
173 259
174 259
175 259
176 259
177 259
178 259
179 259
180 259
181 259
182 259
183 259
184 259
185 259
186 259
187 259
188 259
189 259
190 259
191 259
192 259
193 259
194 259
195 259
196 259
197 259
198 259
199 259
200 259
201 259
202 259
203 259
203 260
203 261
203 262
203 263
203 264
203 265
203 266
203 267
203 268
203 269
203 270
203 271
203 272
203 273
203 274
203 275
203 276
203 277
203 278
203 279
203 280
203 281
203 282
203 283
203 284
203 285
203 286
203 287
203 288
203 289
203 290
203 291
203 292
203 293
203 294
203 295
203 296
203 297
203 298
203 299
203 300
203 301
203 302
203 303
203 304
203 305
203 306
203 307
203 308
203 309
203 310
203 311
203 312
203 313
203 314
203 315
203 316
203 317
203 318
203 319
203 320
203 321
203 322
203 323
203 324
203 325
203 326
203 327
203 328
204 328
205 328
206 328
207 328
208 328
209 328
210 328
211 328
212 328
213 328
214 328
215 328
216 328
217 328
218 328
219 328
220 328
221 328
221 329
221 330
221 331
221 332
217 333
217 334
217 335
217 336
217 337
217 338
217 339
217 340
217 341
217 342
217 343
217 344
217 345
217 346
217 347
217 348
217 349
218 349
219 349
220 349
220 350
220 351
220 352
220 353
220 354
220 355
221 355
222 355
223 355
224 355
225 355
226 355
227 355
227 356
227 357
227 358
227 359
227 360
227 361
228 361
229 361
230 361
231 361
232 361
233 361
234 361
235 361
236 361
237 361
238 361
239 361
239 362
239 363
239 364
239 365
239 366
239 367
239 368
239 369
239 370
239 371
239 372
239 373
239 374
239 375
239 376
240 376
241 376
242 376
243 376
244 376
245 376
246 376
247 376
248 376
249 376
250 376
251 376
252 376
252 377
252 378
252 379
252 380
252 381
252 382
252 383
252 384
252 385
252 386
252 387
252 388
238 389
238 390
238 391
238 392
238 393
238 394
239 394
240 394
241 394
242 394
242 395
242 396
242 397
242 398
242 399
242 400
242 401
242 402
242 403
242 404
242 405
242 406
242 407
242 408
242 409
242 410
242 411
242 412
242 413
242 414
242 415
242 416
242 417
242 418
242 419
242 420
242 421
242 422
243 422
244 422
245 422
246 422
247 422
247 423
247 424
247 425
247 426
247 427
247 428
247 429
247 430
247 431
247 432
247 433
247 434
247 435
247 436
247 437
247 438
247 439
247 440
247 441
247 442
248 442
249 442
250 442
251 442
252 442
253 442
254 442
255 442
256 442
257 442
258 442
259 442
260 442
261 442
262 442
263 442
264 442
265 442
265 443
265 444
265 445
265 446
265 447
265 448
265 449
265 450
265 451
265 452
265 453
265 454
265 455
265 456
265 457
265 458
265 459
265 460
265 461
265 462
265 463
265 464
265 465
265 466
265 467
265 468
265 469
265 470
265 471
265 472
263 473
263 474
263 475
263 476
263 477
263 478
263 479
264 479
265 479
266 479
267 479
268 479
269 479
270 479
270 480
270 481
270 482
261 483
261 484
261 485
261 486
261 487
261 488
261 489
49 426
50 426
51 426
52 426
53 426
54 426
55 426
56 426
57 426
58 426
59 426
60 426
61 426
3 282
4 282
5 282
6 282
7 282
8 282
9 282
10 282
11 282
12 282
13 282
2 196
3 196
4 186
5 186
6 186
7 186
8 186
9 186
10 186
11 186
12 186
13 186
14 186
15 186
16 186
17 186
18 186
19 186
8 86
9 86
10 86
5 32
6 32
7 32
8 32
9 32
10 32
11 32
12 32
13 32
14 32
15 32
16 32
17 32
18 32
19 32
20 32
21 32
22 32
23 32
24 32
25 32
26 32
27 32
28 32
29 32
30 32
31 32
32 32
33 32
34 32
35 32
36 32
37 32
38 32
39 32
40 32
41 32
42 32
43 32
44 32
45 32
46 32
47 32
48 32
49 32
50 32
51 32
52 32
53 32
54 32
55 32
56 32
57 32
58 32
59 32
60 32
61 32
62 32
63 32
64 32
65 32
66 32
67 32
68 32
69 32
70 32
71 32
72 32
73 32
74 32
75 32
76 32
77 32
78 32
79 32
80 32
81 32
82 32
83 32
84 32
85 32
86 32
87 32
88 32
89 32
90 32
91 32
92 32
93 32
94 32
95 32
96 32
97 32
98 32
99 32
100 32
101 32
102 32
103 32
104 32
105 32
106 32
107 32
108 32
109 32
110 32
111 32
112 32
113 32
114 32
115 32
116 32
117 32
118 32
119 32
120 32
121 32
122 32
123 32
124 32
125 32
126 32
127 32
128 32
129 32
130 32
131 32
132 32
133 32
134 32
135 32
136 32
137 32
138 32
139 32
140 32
141 32
142 32
143 32
144 32
145 32
146 32
147 32
148 32
149 32
150 32
151 32
152 32
153 32
154 32
155 32
156 32
157 32
158 32
159 32
160 32
161 32
162 32
163 32
164 32
165 32
166 32
167 32
168 32
169 32
170 32
171 32
172 32
173 32
174 32
175 32
176 32
177 32
178 32
179 32
180 32
181 32
182 32
183 32
184 32
185 32
186 32
187 32
188 32
189 32
190 32
191 32
192 32
193 32
194 32
195 32
196 32
197 32
198 32
199 22
200 22
201 22
202 22
203 22
204 22
205 22
206 22
207 22
208 22
209 22
210 22
211 22
212 22
213 22
214 22
215 22
216 22
217 22
218 13
219 13
220 13
221 13
222 13
223 13
224 13
225 13
226 13
227 13
228 13
229 13
230 13
231 13
232 13
233 13
234 13
235 13
236 13
237 13
238 13
239 13
240 13
241 13
241 14
241 15
241 16
241 17
241 18
241 19
241 20
241 21
241 22
241 23
242 23
243 23
243 24
243 25
243 26
243 27
243 28
243 29
237 30
237 31
237 32
237 33
237 34
238 34
239 34
240 34
241 34
242 34
243 34
244 34
244 35
244 36
244 37
240 38
240 39
240 40
240 41
240 42
240 43
240 44
240 45
241 45
242 45
243 45
244 45
245 45
246 45
247 45
248 45
249 45
250 45
251 45
252 45
253 45
254 45
254 46
254 47
254 48
254 49
254 50
254 51
254 52
249 53
249 54
249 55
250 55
251 55
252 55
253 55
254 55
255 55
255 56
255 57
255 58
255 59
255 60
255 61
255 62
255 63
255 64
255 65
246 66
246 67
246 68
246 69
246 70
246 71
246 72
246 73
246 74
246 75
246 76
246 77
246 78
246 79
246 80
246 81
246 82
246 83
246 84
247 84
248 84
249 84
250 84
251 84
252 84
253 84
254 84
255 84
256 84
257 84
258 84
259 84
260 84
261 84
262 84
263 84
264 84
265 84
266 84
267 84
268 84
269 84
270 84
271 84
272 84
273 84
274 84
275 84
276 84
277 84
278 84
279 84
280 84
281 84
282 84
283 84
284 84
285 84
286 84
286 85
286 86
286 87
286 88
286 89
286 90
286 91
286 92
286 93
286 94
286 95
286 96
286 97
286 98
286 99
286 100
286 101
286 102
286 103
286 104
286 105
286 106
286 107
286 108
286 109
286 110
286 111
286 112
286 113
286 114
286 115
286 116
286 117
286 118
286 119
287 119
288 119
289 119
290 119
291 119
292 119
293 119
294 119
295 119
296 119
297 119
298 119
299 119
300 119
301 119
302 119
303 119
304 119
305 119
306 119
307 119
308 119
309 119
310 119
311 119
312 119
313 119
314 119
315 119
316 119
317 119
318 119
319 119
320 119
321 119
322 119
323 119
324 119
325 119
326 119
327 119
328 119
329 119
330 119
331 119
332 119
333 119
334 119
335 119
336 119
337 119
338 119
339 119
340 119
341 119
342 119
342 120
342 121
342 122
342 123
342 124
342 125
342 126
342 127
342 128
342 129
342 130
342 131
342 132
342 133
330 134
330 135
330 136
330 137
330 138
330 139
330 140
330 141
330 142
330 143
330 144
330 145
331 145
332 145
333 145
334 145
335 145
336 145
337 145
338 145
339 145
340 145
341 145
342 145
343 145
344 145
345 145
346 145
347 145
348 145
349 145
350 145
351 145
352 145
353 145
354 145
355 145
356 145
357 145
358 145
359 145
360 145
361 145
362 145
363 145
364 145
365 145
366 145
367 145
368 145
369 145
369 146
369 147
369 148
369 149
369 150
369 151
369 152
369 153
369 154
369 155
369 156
369 157
369 158
369 159
369 160
369 161
369 162
369 163
369 164
369 165
369 166
369 167
369 168
369 169
369 170
369 171
369 172
369 173
369 174
369 175
369 176
369 177
369 178
369 179
369 180
369 181
369 182
369 183
369 184
369 185
369 186
325 187
325 188
325 189
325 190
325 191
325 192
325 193
325 194
325 195
325 196
325 197
325 198
325 199
325 200
325 201
325 202
325 203
325 204
325 205
325 206
325 207
325 208
325 209
325 210
325 211
325 212
325 213
325 214
325 215
326 215
327 215
327 216
327 217
327 218
327 219
327 220
327 221
327 222
327 223
327 224
327 225
327 226
327 227
327 228
326 229
326 230
326 231
326 232
326 233
326 234
326 235
326 236
326 237
326 238
326 239
326 240
326 241
326 242
326 243
326 244
326 245
326 246
326 247
326 248
326 249
326 250
326 251
326 252
326 253
326 254
326 255
326 256
326 257
326 258
326 259
326 260
326 261
326 262
326 263
326 264
327 264
328 264
329 264
330 264
331 264
332 264
332 265
328 266
328 267
328 268
328 269
328 270
328 271
317 272
317 273
317 274
317 275
317 276
317 277
317 278
317 279
317 280
317 281
317 282
317 283
317 284
317 285
302 286
302 287
302 288
302 289
302 290
302 291
302 292
302 293
302 294
302 295
302 296
302 297
302 298
302 299
302 300
303 300
304 300
305 300
306 300
307 300
308 300
309 300
310 300
311 300
312 300
313 300
313 301
313 302
313 303
313 304
313 305
313 306
313 307
313 308
313 309
313 310
305 311
305 312
305 313
305 314
305 315
305 316
305 317
305 318
284 319
284 320
284 321
284 322
284 323
276 324
276 325
276 326
277 326
258 327
258 328
258 329
258 330
258 331
258 332
258 333
258 334
258 335
258 336
258 337
258 338
258 339
258 340
258 341
258 342
258 343
258 344
258 345
258 346
258 347
258 348
258 349
258 350
258 351
258 352
258 353
258 354
258 355
258 356
258 357
258 358
258 359
258 360
259 360
260 360
261 360
262 360
263 360
264 360
265 360
266 360
267 360
268 360
269 360
270 360
271 360
272 360
273 360
274 360
275 360
275 361
275 362
275 363
275 364
275 365
275 366
275 367
275 368
275 369
275 370
275 371
275 372
275 373
275 374
275 375
276 375
277 375
278 375
279 375
280 375
281 375
282 375
282 376
282 377
282 378
282 379
282 380
282 381
282 382
282 383
282 384
282 385
282 386
282 387
282 388
282 389
282 390
282 391
282 392
282 393
282 394
282 395
282 396
282 397
282 398
282 399
282 400
282 401
282 402
282 403
282 404
282 405
282 406
282 407
282 408
282 409
282 410
282 411
282 412
282 413
282 414
282 415
282 416
283 416
284 416
285 416
286 416
287 416
288 416
289 416
290 416
291 416
292 416
293 416
294 416
295 416
296 416
297 416
298 416
298 417
298 418
298 419
298 420
298 421
298 422
298 423
298 424
289 425
289 426
289 427
289 428
289 429
289 430
289 431
289 432
289 433
290 433
291 433
292 433
293 433
294 433
295 433
296 433
297 433
298 433
299 433
300 433
301 433
302 433
303 433
304 433
305 433
306 433
307 433
308 433
309 433
310 433
310 434
310 435
310 436
310 437
311 437
311 438
311 439
311 440
311 441
311 442
311 443
311 444
311 445
311 446
311 447
311 448
311 449
312 449
313 449
314 449
315 449
316 449
317 449
318 449
319 449
319 450
319 451
319 452
319 453
319 454
319 455
318 456
318 457
318 458
318 459
318 460
318 461
318 462
318 463
318 464
318 465
318 466
318 467
318 468
318 469
318 470
318 471
318 472
318 473
318 474
318 475
318 476
318 477
318 478
318 479
211 397
212 397
93 320
94 320
95 234
96 234
97 234
98 234
99 234
100 234
101 234
102 234
103 234
104 234
105 234
106 234
107 234
108 234
109 234
110 234
111 234
112 234
113 234
114 234
115 234
116 234
117 234
118 234
119 234
120 234
121 234
122 234
123 234
124 234
125 234
126 234
127 234
128 234
129 234
130 234
131 234
129 131
130 131
131 131
132 131
133 131
134 131
135 131
136 131
137 131
138 131
124 25
125 25
126 25
127 25
128 25
129 25
130 25
131 25
132 25
133 25
134 25
135 25
136 25
137 25
138 25
139 25
140 25
141 25
142 25
143 25
144 25
145 25
146 25
147 25
148 25
149 25
150 25
151 25
152 25
153 25
154 25
155 25
156 25
157 25
158 25
159 25
160 25
161 25
162 25
163 25
164 25
165 25
166 25
167 25
168 25
169 25
170 25
171 25
172 25
173 25
174 25
175 25
176 25
177 25
178 25
179 25
180 25
181 25
182 25
183 25
184 25
185 25
186 25
187 25
188 25
189 25
190 25
191 25
192 25
193 25
194 25
195 25
196 25
197 25
198 25
199 25
200 25
201 25
202 25
203 25
204 25
205 25
206 25
207 25
208 25
209 25
210 25
211 25
212 25
213 25
214 25
215 25
216 25
217 25
218 25
219 25
220 25
221 25
222 25
223 25
224 25
225 25
226 25
227 25
228 25
229 25
230 25
231 25
232 18
233 18
234 18
235 18
236 18
237 18
238 18
239 18
240 18
241 18
242 18
243 18
244 18
245 18
246 18
247 18
248 18
249 18
250 18
250 19
250 20
250 21
250 22
250 23
250 24
250 25
250 26
250 27
250 28
251 28
251 29
251 30
251 31
251 32
251 33
251 34
251 35
251 36
251 37
252 37
253 37
254 37
255 37
256 37
257 37
258 37
259 37
260 37
261 37
262 37
263 37
264 37
265 37
266 37
267 37
268 37
269 37
270 37
271 37
272 37
273 37
274 37
274 38
274 39
274 40
274 41
274 42
274 43
274 44
274 45
274 46
274 47
274 48
274 49
274 50
274 51
274 52
274 53
274 54
274 55
274 56
274 57
274 58
274 59
274 60
269 61
269 62
270 62
271 62
272 62
273 62
273 63
273 64
273 65
273 66
273 67
273 68
273 69
273 70
273 71
273 72
273 73
273 74
273 75
273 76
273 77
273 78
273 79
273 80
273 81
273 82
273 83
273 84
273 85
273 86
273 87
273 88
273 89
273 90
273 91
273 92
273 93
273 94
273 95
273 96
273 97
273 98
273 99
273 100
273 101
273 102
273 103
273 104
273 105
273 106
273 107
273 108
273 109
273 110
273 111
274 111
275 111
276 111
277 111
278 111
279 111
280 111
281 111
282 111
283 111
284 111
285 111
286 111
287 111
288 111
289 111
290 111
291 111
292 111
293 111
294 111
295 111
296 111
297 111
298 111
299 111
300 111
301 111
302 111
303 111
304 111
305 111
306 111
307 111
308 111
309 111
310 111
311 111
312 111
313 111
314 111
315 111
316 111
317 111
318 111
319 111
320 111
321 111
322 111
323 111
324 111
325 111
326 111
327 111
328 111
329 111
330 111
331 111
332 111
333 111
334 111
335 111
336 111
337 111
338 111
339 111
340 111
341 111
342 111
343 111
344 111
345 111
346 111
347 111
348 111
349 111
350 111
350 112
350 113
350 114
350 115
350 116
350 117
350 118
350 119
350 120
350 121
350 122
350 123
350 124
350 125
350 126
350 127
350 128
350 129
350 130
350 131
350 132
350 133
351 133
352 133
353 133
354 133
355 133
356 133
357 133
358 133
359 133
359 134
359 135
359 136
359 137
359 138
359 139
359 140
359 141
359 142
360 142
361 142
362 142
363 142
364 142
365 142
366 142
367 142
368 142
369 142
370 142
371 142
372 142
373 142
374 142
374 143
374 144
374 145
374 146
374 147
374 148
374 149
374 150
374 151
374 152
374 153
374 154
374 155
374 156
374 157
374 158
375 158
376 158
377 158
378 158
379 158
380 158
381 158
382 158
383 158
384 158
385 158
386 158
387 158
388 158
389 158
390 158
391 158
392 158
393 158
394 158
395 158
396 158
397 158
398 158
399 158
400 158
401 158
402 158
403 158
404 158
405 158
406 158
407 158
408 158
409 158
410 158
411 158
412 158
413 158
414 158
415 158
416 158
417 158
418 158
419 158
420 158
421 158
422 158
423 158
424 158
425 158
426 158
427 158
428 158
429 158
430 158
431 158
432 158
433 158
433 159
434 159
435 159
436 159
437 159
438 159
439 159
440 159
441 159
442 159
443 159
444 159
445 159
445 160
445 161
445 162
445 163
445 164
445 165
445 166
445 167
445 168
445 169
445 170
445 171
445 172
445 173
445 174
445 175
445 176
445 177
445 178
445 179
445 180
445 181
445 182
445 183
445 184
445 185
445 186
445 187
445 188
445 189
445 190
445 191
445 192
445 193
445 194
445 195
445 196
445 197
445 198
445 199
445 200
445 201
445 202
445 203
445 204
445 205
445 206
445 207
445 208
445 209
445 210
445 211
445 212
445 213
445 214
445 215
445 216
445 217
445 218
445 219
445 220
445 221
445 222
445 223
445 224
445 225
445 226
445 227
445 228
445 229
445 230
445 231
445 232
445 233
445 234
445 235
445 236
445 237
445 238
445 239
445 240
445 241
445 242
445 243
445 244
445 245
445 246
445 247
445 248
445 249
445 250
445 251
445 252
445 253
445 254
445 255
445 256
445 257
445 258
446 258
447 258
448 258
449 258
450 258
451 258
452 258
453 258
454 258
455 258
456 258
457 258
458 258
459 258
460 258
461 258
462 258
463 258
464 258
465 258
466 258
467 258
468 258
469 258
470 258
471 258
472 258
473 258
474 258
475 258
476 258
477 258
478 258
479 258
480 258
481 258
482 258
483 258
484 258
485 258
486 258
487 258
488 258
489 258
490 258
491 258
492 258
492 259
492 260
492 261
492 262
492 263
492 264
492 265
492 266
492 267
492 268
492 269
440 270
440 271
440 272
440 273
440 274
440 275
440 276
440 277
440 278
440 279
440 280
440 281
440 282
440 283
440 284
418 285
418 286
418 287
418 288
418 289
418 290
418 291
418 292
418 293
418 294
419 294
420 294
421 294
422 294
423 294
424 294
425 294
426 294
427 294
427 295
427 296
427 297
427 298
427 299
427 300
427 301
427 302
427 303
427 304
427 305
427 306
428 306
429 306
430 306
430 307
430 308
430 309
430 310
430 311
430 312
430 313
430 314
430 315
430 316
430 317
430 318
430 319
430 320
430 321
430 322
430 323
430 324
430 325
430 326
430 327
430 328
430 329
430 330
430 331
430 332
430 333
430 334
430 335
430 336
431 336
432 336
433 336
434 336
435 336
436 336
437 336
438 336
439 336
440 336
441 336
442 336
443 336
444 336
445 336
446 336
447 336
448 336
449 336
450 336
451 336
452 336
453 336
454 336
455 336
456 336
457 336
458 336
459 336
460 336
461 336
462 336
463 336
464 336
465 336
466 336
467 336
468 336
469 336
470 336
471 336
472 336
473 336
474 336
475 336
476 336
477 336
478 336
479 336
480 336
481 336
482 336
483 336
484 336
485 336
486 336
487 336
488 336
489 336
490 336
491 336
491 337
491 338
491 339
491 340
491 341
491 342
491 343
491 344
491 345
491 346
491 347
491 348
491 349
491 350
491 351
491 352
491 353
491 354
491 355
491 356
491 357
491 358
491 359
491 360
491 361
491 362
491 363
491 364
491 365
491 366
491 367
491 368
491 369
491 370
491 371
466 372
466 373
462 374
462 375
462 376
462 377
462 378
462 379
462 380
462 381
459 382
459 383
459 384
460 384
461 384
462 384
463 384
464 384
465 384
466 384
467 384
468 384
469 384
470 384
470 385
470 386
470 387
470 388
470 389
470 390
470 391
470 392
470 393
470 394
470 395
470 396
470 397
470 398
470 399
470 400
470 401
470 402
470 403
470 404
470 405
470 406
471 406
472 406
473 406
473 407
473 408
474 408
475 408
476 408
477 408
478 408
479 408
479 409
479 410
479 411
479 412
479 413
479 414
479 415
479 416
479 417
479 418
479 419
479 420
479 421
479 422
479 423
479 424
479 425
479 426
479 427
479 428
479 429
479 430
479 431
450 432
450 433
450 434
450 435
450 436
450 437
450 438
450 439
450 440
450 441
450 442
450 443
450 444
450 445
450 446
450 447
450 448
450 449
405 450
405 451
398 452
398 453
398 454
398 455
398 456
398 457
399 457
399 458
399 459
399 460
399 461
399 462
399 463
399 464
399 465
399 466
399 467
399 468
399 469
399 470
399 471
399 472
399 473
399 474
399 475
399 476
399 477
281 250
282 250
283 242
284 242
278 225
279 225
280 225
281 225
282 225
283 225
284 225
285 225
286 225
287 225
288 225
289 225
290 225
291 225
292 225
293 225
294 225
295 225
296 225
297 225
298 225
299 225
300 225
301 225
302 225
303 225
304 225
305 225
306 225
307 225
297 179
298 179
299 179
292 171
293 171
294 171
295 171
296 171
297 171
298 171
299 171
300 171
301 171
302 171
303 171
304 171
305 171
306 171
307 116
308 116
309 116
310 116
311 116
312 116
313 116
314 116
315 116
316 116
317 116
318 116
319 116
320 116
321 116
322 116
323 116
324 116
325 116
326 116
327 116
328 116
329 116
330 116
331 116
332 116
333 116
334 116
335 116
336 116
337 116
338 116
339 116
340 116
341 116
342 116
343 116
344 116
345 116
346 116
347 116
348 116
349 116
350 116
351 116
352 116
353 116
354 116
355 116
356 116
357 116
358 116
359 116
360 116
361 116
362 116
363 116
364 116
365 116
366 116
367 116
368 116
369 116
370 116
371 116
372 116
373 116
374 116
375 116
376 116
377 116
378 116
379 116
380 116
381 116
382 116
383 116
384 116
385 116
386 116
387 116
388 116
389 116
390 116
391 116
392 116
393 116
394 116
395 116
396 116
397 116
398 116
399 116
400 116
401 116
402 106
390 54
391 54
392 54
393 54
394 54
395 54
396 54
397 54
398 54
399 54
400 54
401 54
402 54
403 54
404 54
405 54
406 54
407 54
408 54
409 54
410 54
411 54
412 54
413 54
414 54
415 54
416 54
417 54
418 54
419 54
420 54
421 54
422 54
423 54
424 54
425 54
426 54
427 54
428 54
429 54
430 54
431 54
432 54
433 54
434 54
435 54
436 54
437 54
438 54
439 54
440 54
441 54
442 54
443 54
444 54
445 54
446 54
447 54
448 54
449 54
450 54
451 54
452 54
453 54
454 54
455 54
456 54
457 54
458 54
459 54
460 54
461 54
462 54
463 54
464 54
465 54
466 54
467 54
468 54
469 54
470 54
471 54
472 54
473 54
474 54
475 54
476 54
477 54
478 54
479 54
480 54
481 48
482 48
483 48
484 48
485 48
486 48
487 48
488 48
279 35
279 36
279 37
279 38
279 39
279 40
279 41
279 42
279 43
279 44
279 45
279 46
279 47
279 48
279 49
279 50
279 51
279 52
279 53
279 54
279 55
279 56
279 57
279 58
279 59
279 60
279 61
279 62
279 63
279 64
279 65
279 66
279 67
279 68
279 69
279 70
279 71
279 72
279 73
279 74
279 75
279 76
279 77
279 78
279 79
279 80
279 81
279 82
279 83
279 84
279 85
279 86
279 87
279 88
279 89
279 90
279 91
279 92
279 93
279 94
279 95
279 96
279 97
279 98
279 99
279 100
279 101
279 102
279 103
279 104
279 105
279 106
279 107
279 108
279 109
279 110
279 111
279 112
279 113
279 114
279 115
279 116
279 117
279 118
279 119
279 120
279 121
279 122
279 123
279 124
279 125
279 126
279 127
279 128
279 129
279 130
279 131
279 132
279 133
279 134
279 135
279 136
279 137
279 138
279 139
279 140
279 141
279 142
279 143
279 144
279 145
279 146
279 147
279 148
279 149
279 150
279 151
279 152
279 153
279 154
279 155
279 156
279 157
279 158
279 159
279 160
279 161
279 162
279 163
279 164
279 165
279 166
279 167
279 168
279 169
279 170
279 171
279 172
279 173
279 174
279 175
279 176
279 177
279 178
279 179
279 180
279 181
280 181
281 181
282 181
283 181
284 181
285 181
286 181
287 181
288 181
289 181
290 181
291 181
292 181
293 181
294 181
295 181
296 181
297 181
298 181
299 181
300 181
301 181
302 181
303 181
304 181
305 181
306 181
307 181
308 181
309 181
310 181
311 181
312 181
312 182
312 183
313 183
314 183
314 184
314 185
314 186
314 187
314 188
314 189
314 190
314 191
314 192
314 193
314 194
314 195
314 196
314 197
314 198
314 199
314 200
314 201
314 202
314 203
314 204
314 205
314 206
314 207
314 208
314 209
314 210
314 211
314 212
314 213
314 214
315 214
316 214
317 214
318 214
319 214
320 214
321 214
322 214
323 214
324 214
325 214
326 214
327 214
328 214
329 214
330 214
331 214
332 214
333 214
334 214
335 214
336 214
337 214
338 214
339 214
339 215
339 216
339 217
339 218
339 219
339 220
339 221
339 222
339 223
339 224
339 225
339 226
339 227
339 228
339 229
339 230
339 231
339 232
339 233
339 234
339 235
339 236
339 237
339 238
339 239
339 240
339 241
339 242
339 243
339 244
339 245
339 246
339 247
339 248
339 249
339 250
339 251
339 252
339 253
339 254
339 255
339 256
339 257
339 258
339 259
339 260
339 261
339 262
339 263
339 264
339 265
339 266
339 267
339 268
339 269
339 270
339 271
339 272
339 273
339 274
339 275
339 276
339 277
339 278
339 279
339 280
339 281
339 282
336 283
336 284
336 285
336 286
336 287
336 288
336 289
336 290
336 291
336 292
336 293
336 294
336 295
336 296
336 297
336 298
336 299
336 300
336 301
336 302
337 302
338 302
339 302
340 302
341 302
342 302
343 302
344 302
345 302
346 302
347 302
348 302
349 302
350 302
351 302
352 302
353 302
354 302
355 302
356 302
357 302
358 302
359 302
360 302
361 302
362 302
363 302
364 302
365 302
366 302
367 302
368 302
369 302
370 302
371 302
372 302
373 302
374 302
375 302
376 302
377 302
378 302
379 302
380 302
381 302
382 302
383 302
384 302
385 302
386 302
387 302
388 302
389 302
390 302
391 302
392 302
393 302
394 302
394 303
394 304
394 305
394 306
394 307
394 308
394 309
394 310
394 311
394 312
394 313
394 314
394 315
394 316
394 317
394 318
394 319
394 320
394 321
394 322
394 323
394 324
394 325
394 326
394 327
394 328
394 329
394 330
394 331
394 332
394 333
394 334
394 335
394 336
394 337
394 338
394 339
394 340
356 341
356 342
356 343
356 344
356 345
356 346
356 347
356 348
356 349
356 350
356 351
356 352
356 353
356 354
356 355
356 356
356 357
356 358
356 359
356 360
356 361
356 362
356 363
356 364
356 365
356 366
356 367
356 368
356 369
356 370
356 371
356 372
356 373
356 374
356 375
356 376
356 377
356 378
356 379
356 380
356 381
356 382
356 383
356 384
356 385
356 386
356 387
356 388
356 389
356 390
356 391
356 392
356 393
356 394
356 395
356 396
356 397
356 398
356 399
356 400
356 401
356 402
356 403
356 404
356 405
356 406
356 407
356 408
356 409
356 410
356 411
356 412
357 412
358 412
359 412
360 412
361 412
362 412
363 412
364 412
365 412
366 412
367 412
368 412
369 412
370 412
371 412
372 412
373 412
374 412
375 412
376 412
377 412
378 412
379 412
380 412
381 412
382 412
383 412
384 412
385 412
386 412
387 412
388 412
389 412
390 412
391 412
392 412
393 412
394 412
395 412
396 412
397 412
398 412
399 412
400 412
401 412
402 412
403 412
404 412
405 412
406 412
407 412
408 412
409 412
410 412
411 412
412 412
413 412
414 412
415 412
416 412
417 412
417 413
417 414
417 415
417 416
417 417
417 418
417 419
417 420
417 421
417 422
287 423
287 424
287 425
287 426
287 427
287 428
287 429
287 430
287 431
287 432
287 433
287 434
287 435
287 436
287 437
287 438
287 439
287 440
287 441
287 442
287 443
287 444
287 445
287 446
287 447
287 448
287 449
287 450
287 451
287 452
287 453
287 454
287 455
287 456
287 457
287 458
287 459
287 460
287 461
287 462
287 463
287 464
287 465
287 466
287 467
287 468
287 469
287 470
287 471
287 472
287 473
219 421
220 421
221 421
222 421
223 421
224 421
225 421
226 421
227 421
228 421
229 421
230 421
231 421
232 421
233 421
234 421
235 421
236 421
237 421
238 421
239 421
240 421
241 421
242 421
243 421
244 421
245 421
246 421
247 421
248 421
249 421
250 421
251 421
252 421
253 421
254 421
255 421
256 421
257 421
258 421
259 421
260 421
261 421
262 421
263 421
264 421
265 421
266 421
267 421
268 421
269 421
270 421
264 233
265 233
266 233
267 233
268 233
269 233
270 233
271 233
144 132
144 133
144 134
144 135
144 136
144 137
144 138
144 139
144 140
144 141
144 142
144 143
144 144
144 145
144 146
144 147
144 148
144 149
144 150
144 151
144 152
144 153
144 154
144 155
144 156
144 157
144 158
144 159
144 160
144 161
144 162
144 163
144 164
144 165
144 166
144 167
144 168
144 169
144 170
144 171
144 172
144 173
144 174
144 175
144 176
144 177
144 178
144 179
144 180
144 181
144 182
144 183
144 184
144 185
144 186
144 187
144 188
144 189
42 190
42 191
42 192
42 193
42 194
42 195
42 196
42 197
42 198
42 199
42 200
17 201
17 202
17 203
17 204
17 205
17 206
17 207
17 208
17 209
17 210
17 211
17 212
17 213
17 214
17 215
17 216
17 217
17 218
17 219
17 220
17 221
17 222
17 223
17 224
17 225
17 226
17 227
17 228
17 229
17 230
17 231
17 232
17 233
17 234
17 235
17 236
17 237
17 238
17 239
17 240
17 241
17 242
17 243
17 244
17 245
17 246
17 247
17 248
17 249
17 250
17 251
17 252
17 253
17 254
17 255
17 256
17 257
17 258
17 259
17 260
17 261
17 262
17 263
17 264
17 265
17 266
17 267
17 268
17 269
17 270
17 271
17 272
17 273
17 274
17 275
17 276
17 277
17 278
17 279
17 280
17 281
17 282
17 283
17 284
17 285
17 286
17 287
17 288
17 289
17 290
17 291
17 292
17 293
17 294
17 295
17 296
17 297
17 298
17 299
17 300
17 301
17 302
17 303
17 304
17 305
17 306
17 307
17 308
17 309
17 310
17 311
17 312
17 313
17 314
17 315
17 316
17 317
17 318
17 319
17 320
17 321
17 322
17 323
17 324
17 325
17 326
17 327
17 328
17 329
17 330
17 331
17 332
17 333
17 334
17 335
17 336
17 337
17 338
17 339
17 340
17 341
17 342
17 343
17 344
17 345
17 346
17 347
17 348
17 349
17 350
17 351
17 352
17 353
17 354
17 355
17 356
17 357
17 358
17 359
17 360
17 361
17 362
17 363
17 364
17 365
17 366
17 367
17 368
17 369
17 370
17 371
17 372
17 373
17 374
17 375
17 376
17 377
17 378
17 379
17 380
17 381
17 382
17 383
17 384
17 385
17 386
17 387
17 388
17 389
17 390
17 391
17 392
17 393
17 394
17 395
17 396
17 397
17 398
17 399
17 400
17 401
17 402
17 403
17 404
17 405
17 406
17 407
17 408
17 409
17 410
17 411
17 412
17 413
17 414
17 415
17 416
17 417
17 418
17 419
17 420
17 421
17 422
17 423
17 424
17 425
17 426
17 427
17 428
17 429
17 430
17 431
17 432
17 433
17 434
17 435
17 436
17 437
17 438
17 439
17 440
17 441
17 442
17 443
17 444
17 445
17 446
17 447
17 448
17 449
17 450
17 451
17 452
17 453
17 454
17 455
17 456
17 457
17 458
17 459
17 460
6 407
7 407
8 407
9 407
10 407
11 407
12 407
13 407
14 407
15 407
16 407
17 407
18 407
19 407
20 407
21 407
22 407
23 407
24 407
25 407
26 407
27 407
28 407
29 407
30 407
31 407
32 407
33 407
34 407
35 407
36 407
37 407
38 407
39 407
40 407
41 407
42 407
43 407
44 407
45 407
46 407
47 407
48 407
49 407
50 407
51 407
52 407
53 407
54 407
55 407
56 407
57 407
58 407
59 407
60 407
61 407
62 407
63 407
64 407
65 407
66 407
67 407
68 407
69 407
70 407
71 407
72 407
73 407
74 407
75 407
76 407
77 407
78 407
79 407
80 407
81 407
82 407
83 407
84 407
85 407
86 407
87 407
88 407
89 407
90 407
91 407
92 407
93 407
94 407
95 407
96 407
97 407
98 407
99 407
100 407
101 407
102 407
103 407
104 407
105 407
106 407
107 407
108 407
109 407
110 407
111 407
112 407
113 407
114 407
115 407
116 407
117 407
118 407
119 407
120 407
121 407
122 407
123 407
124 407
125 407
126 407
127 407
128 407
129 407
130 407
131 407
132 407
133 407
134 407
135 407
136 407
137 407
138 407
139 407
140 407
141 407
142 407
143 407
144 407
145 407
146 407
147 407
148 407
149 407
150 407
151 407
152 407
153 407
154 407
155 407
156 407
157 407
158 407
159 407
160 407
161 407
162 407
163 407
164 407
165 407
166 407
167 407
168 407
169 407
170 407
171 407
172 407
173 407
174 407
175 407
176 407
177 407
178 407
179 407
180 407
181 407
182 407
183 407
184 407
185 407
186 407
187 407
188 407
189 407
190 407
191 407
192 407
193 407
194 407
195 407
196 407
197 407
198 407
199 407
200 407
201 407
202 407
203 407
204 407
205 407
206 407
207 407
208 407
209 407
210 407
211 407
212 407
213 407
214 407
215 407
216 407
217 407
218 407
219 407
220 407
221 407
222 407
223 407
224 407
225 407
226 407
227 407
228 407
229 407
230 407
231 407
232 407
233 407
234 407
235 407
236 407
237 407
238 407
239 407
240 407
241 407
242 407
243 407
244 407
245 407
246 407
247 407
248 407
249 407
250 407
251 407
252 407
253 407
254 407
255 407
256 407
257 407
258 407
259 407
260 407
261 407
262 407
263 407
264 407
265 407
266 407
267 407
268 407
269 407
270 407
271 407
272 407
273 407
274 407
275 407
276 407
277 407
278 407
279 407
280 407
281 407
282 407
283 407
284 407
285 407
286 407
287 407
288 407
289 407
290 407
291 407
292 407
293 407
294 407
295 407
296 407
297 407
298 407
299 407
300 407
301 407
302 407
303 407
304 407
305 407
306 407
307 407
308 407
309 407
310 407
311 407
312 407
313 407
314 407
315 407
316 407
317 407
318 407
319 407
320 407
321 407
322 407
323 407
324 407
325 407
326 407
327 407
328 407
329 407
330 407
331 407
332 407
333 407
334 407
335 407
336 407
337 407
338 407
339 407
340 407
341 407
342 407
343 407
344 407
345 407
346 407
347 407
348 407
349 407
350 407
351 407
352 407
353 407
354 407
355 407
356 407
357 407
358 407
359 407
360 407
361 407
362 407
363 407
364 407
365 407
366 407
367 407
368 407
369 407
370 407
371 407
372 407
373 407
374 407
375 407
376 407
377 407
378 407
379 407
380 407
381 407
382 407
383 407
384 407
385 407
386 407
387 407
388 407
389 407
390 407
391 407
392 407
393 407
394 407
395 407
396 407
397 407
398 407
399 407
400 407
401 407
402 407
403 407
404 407
405 407
406 407
407 407
408 407
409 407
410 407
411 407
412 407
413 407
414 407
415 407
416 407
417 407
418 407
419 407
420 407
421 407
422 407
423 407
424 407
425 407
426 407
427 407
428 407
429 407
430 407
431 407
432 407
433 407
434 407
435 407
436 407
437 407
438 407
439 407
440 407
441 407
442 407
443 407
444 407
445 407
446 407
447 407
448 407
449 407
450 407
451 407
452 407
453 407
454 407
455 407
456 381
457 381
458 381
459 381
460 381
461 381
462 381
463 381
464 381
465 381
466 381
467 381
468 381
469 381
470 381
435 149
436 149
437 149
438 149
439 149
440 149
441 149
442 149
443 149
444 149
445 149
446 149
447 149
448 149
449 149
450 149
451 149
452 149
453 149
454 149
455 149
456 149
457 149
458 149
459 149
460 149
461 149
461 150
461 151
461 152
461 153
461 154
461 155
461 156
461 157
461 158
461 159
461 160
461 161
461 162
461 163
461 164
461 165
461 166
461 167
461 168
461 169
461 170
461 171
461 172
461 173
461 174
461 175
461 176
461 177
461 178
461 179
461 180
461 181
461 182
461 183
461 184
461 185
461 186
461 187
461 188
461 189
461 190
461 191
461 192
461 193
461 194
461 195
461 196
461 197
461 198
461 199
461 200
461 201
461 202
461 203
461 204
461 205
461 206
461 207
461 208
461 209
461 210
461 211
461 212
461 213
461 214
461 215
461 216
461 217
461 218
461 219
461 220
461 221
461 222
461 223
461 224
461 225
461 226
461 227
461 228
461 229
461 230
461 231
461 232
461 233
461 234
461 235
461 236
461 237
461 238
461 239
461 240
461 241
461 242
461 243
461 244
461 245
461 246
461 247
461 248
461 249
461 250
461 251
461 252
461 253
461 254
461 255
461 256
461 257
461 258
461 259
461 260
461 261
461 262
461 263
461 264
461 265
461 266
461 267
461 268
461 269
461 270
461 271
461 272
461 273
461 274
461 275
461 276
461 277
461 278
461 279
461 280
461 281
461 282
461 283
461 284
461 285
461 286
461 287
461 288
461 289
461 290
461 291
461 292
461 293
461 294
461 295
461 296
461 297
461 298
461 299
461 300
461 301
461 302
461 303
461 304
461 305
461 306
461 307
461 308
461 309
461 310
461 311
461 312
461 313
461 314
461 315
461 316
461 317
461 318
461 319
461 320
461 321
461 322
461 323
461 324
461 325
461 326
461 327
461 328
461 329
461 330
461 331
461 332
461 333
461 334
461 335
461 336
461 337
461 338
461 339
461 340
461 341
461 342
461 343
461 344
461 345
461 346
461 347
461 348
461 349
461 350
461 351
461 352
461 353
461 354
461 355
461 356
461 357
461 358
461 359
461 360
461 361
461 362
461 363
461 364
461 365
461 366
461 367
461 368
461 369
461 370
461 371
461 372
461 373
461 374
461 375
461 376
461 377
461 378
461 379
461 380
461 381
461 382
461 383
461 384
461 385
461 386
461 387
461 388
461 389
461 390
461 391
461 392
461 393
461 394
461 395
461 396
461 397
461 398
461 399
461 400
461 401
461 402
461 403
461 404
461 405
461 406
461 407
461 408
461 409
461 410
461 411
461 412
461 413
461 414
461 415
462 415
463 415
464 415
465 415
466 415
467 415
468 415
469 415
470 415
471 415
472 415
473 415
474 415
475 415
476 415
477 415
478 415
479 415
480 415
481 415
482 415
483 415
484 415
485 415
486 415
487 415
488 415
489 415
490 415
491 415
492 415
493 415
494 415
495 415
496 415
497 415
498 415
499 415
