0 38
1 33
2 33
3 33
4 33
5 33
6 33
7 33
8 33
9 33
10 33
11 33
12 33
13 33
14 33
15 33
16 33
17 33
18 33
19 33
20 33
21 33
22 33
23 33
24 33
25 33
26 33
27 33
28 33
29 33
30 33
31 33
32 33
33 33
34 33
35 33
36 33
37 33
38 33
39 33
40 33
41 33
42 33
43 33
44 33
45 33
46 33
47 33
48 33
49 33
49 15
50 15
51 15
52 15
53 15
54 15
55 15
56 15
57 15
58 15
59 15
60 15
61 15
62 15
63 15
64 15
65 15
66 15
67 15
68 15
69 15
70 15
71 15
72 15
73 15
74 15
75 15
76 15
77 15
78 15
79 15
80 15
81 15
82 15
83 15
84 15
85 15
86 15
87 15
88 15
89 15
90 15
91 15
92 15
93 15
94 15
95 15
96 15
97 15
98 15
99 15
100 15
101 15
102 15
103 15
104 15
105 15
106 15
107 15
108 15
109 15
110 15
111 15
112 15
113 15
114 15
115 15
116 15
117 15
118 15
119 15
120 15
121 15
122 15
123 15
124 15
125 15
126 15
127 15
128 15
129 15
130 15
131 15
132 15
133 15
134 15
135 15
136 15
137 15
138 2
139 2
140 2
141 2
142 2
143 2
144 2
145 2
146 2
147 2
148 2
149 2
150 2
151 2
152 2
153 2
154 2
155 2
156 2
157 2
158 2
159 2
160 2
161 2
162 2
163 2
164 2
165 2
166 2
167 2
168 2
169 2
170 2
171 2
172 2
173 2
174 2
175 0
176 0
177 0
178 0
179 0
180 0
181 0
182 0
183 0
184 0
185 0
186 0
187 0
188 0
189 0
190 0
191 0
192 0
193 0
194 0
195 0
196 0
197 0
198 0
199 0
200 0
201 0
202 0
203 0
204 0
205 0
206 0
207 0
208 0
209 0
210 0
211 0
212 0
213 0
214 0
215 0
216 0
217 0
218 0
219 0
220 0
221 0
222 0
223 0
224 0
225 0
226 0
227 0
228 0
229 0
230 0
231 0
232 0
233 0
234 0
235 0
236 0
237 0
238 0
239 0
240 0
241 0
242 0
243 0
244 0
245 0
246 0
247 0
248 0
249 0
250 0
251 0
252 0
253 0
254 0
255 0
256 0
257 0
258 0
259 0
260 0
261 0
262 0
263 0
264 0
265 0
266 0
267 0
268 0
269 0
270 0
271 0
272 0
273 0
274 0
275 0
276 0
277 0
278 0
279 0
280 0
281 0
282 0
283 0
284 0
285 0
286 0
287 0
288 0
289 0
290 0
291 0
292 0
293 0
294 0
295 0
296 0
297 0
298 0
299 0
300 0
301 0
302 0
303 0
304 0
305 0
306 0
307 0
308 0
309 0
310 0
311 0
312 0
313 0
314 0
314 1
314 2
314 3
314 4
314 5
314 6
314 7
314 8
314 9
314 10
314 11
314 12
314 13
314 14
314 15
314 16
314 17
314 18
314 19
314 20
314 21
314 22
314 23
314 24
314 25
314 26
314 27
314 28
314 29
314 30
314 31
315 31
316 31
317 31
318 31
319 31
320 31
320 32
320 33
320 34
320 35
320 36
321 36
322 36
323 36
324 36
325 36
326 36
327 36
328 36
329 36
330 36
331 36
332 36
333 36
334 36
335 36
336 36
337 36
338 36
339 36
340 36
341 36
342 36
343 36
344 36
345 36
346 36
347 36
348 36
349 36
350 36
351 36
352 36
353 36
353 37
354 37
355 37
356 37
357 37
358 37
359 37
360 37
361 37
362 37
363 37
364 37
365 37
366 37
367 37
368 37
369 37
370 37
371 37
372 37
373 37
374 37
375 37
376 37
376 38
376 39
376 40
376 41
376 42
376 43
376 44
376 45
376 46
376 47
376 48
376 49
376 50
376 51
376 52
376 53
376 54
376 55
376 56
376 57
376 58
376 59
376 60
376 61
376 62
376 63
376 64
376 65
376 66
376 67
376 68
376 69
376 70
368 71
368 72
368 73
368 74
368 75
368 76
368 77
368 78
368 79
368 80
368 81
368 82
368 83
368 84
368 85
368 86
368 87
368 88
368 89
368 90
368 91
368 92
368 93
368 94
368 95
368 96
368 97
368 98
368 99
368 100
368 101
368 102
368 103
369 103
370 103
371 103
372 103
373 103
374 103
375 103
376 103
377 103
378 103
379 103
380 103
381 103
382 103
383 103
384 103
385 103
386 103
387 103
387 104
387 105
387 106
387 107
387 108
388 108
389 108
390 108
391 108
392 108
393 108
394 108
395 108
396 108
397 108
398 108
399 108
400 108
401 108
402 108
403 108
404 108
405 108
406 108
407 108
408 108
409 108
410 108
411 108
412 108
413 108
413 109
413 110
413 111
413 112
413 113
413 114
413 115
413 116
413 117
413 118
413 119
413 120
413 121
413 122
413 123
413 124
413 125
413 126
413 127
413 128
413 129
413 130
413 131
413 132
413 133
413 134
413 135
413 136
413 137
413 138
413 139
413 140
413 141
413 142
413 143
413 144
413 145
413 146
413 147
413 148
414 148
415 148
416 148
417 148
418 148
419 148
420 148
421 148
422 148
423 148
424 148
425 148
426 148
427 148
428 148
428 149
428 150
428 151
428 152
410 153
410 154
410 155
410 156
410 157
410 158
410 159
410 160
410 161
410 162
410 163
410 164
410 165
410 166
410 167
410 168
410 169
400 170
400 171
400 172
400 173
400 174
400 175
400 176
400 177
400 178
400 179
400 180
400 181
400 182
400 183
400 184
400 185
400 186
400 187
400 188
400 189
400 190
400 191
400 192
400 193
400 194
400 195
400 196
400 197
400 198
400 199
400 200
400 201
400 202
400 203
400 204
400 205
400 206
401 206
402 206
403 206
404 206
405 206
399 207
399 208
399 209
399 210
399 211
399 212
399 213
399 214
399 215
399 216
399 217
399 218
399 219
399 220
394 221
394 222
394 223
394 224
394 225
394 226
394 227
361 228
361 229
361 230
361 231
361 232
361 233
361 234
361 235
361 236
361 237
361 238
361 239
361 240
361 241
361 242
361 243
361 244
361 245
361 246
361 247
361 248
361 249
361 250
361 251
361 252
361 253
361 254
342 255
342 256
342 257
342 258
342 259
342 260
342 261
342 262
342 263
342 264
342 265
342 266
342 267
342 268
342 269
342 270
342 271
342 272
342 273
342 274
342 275
342 276
342 277
337 278
337 279
337 280
337 281
337 282
337 283
337 284
337 285
337 286
337 287
337 288
337 289
337 290
337 291
337 292
337 293
337 294
337 295
337 296
337 297
337 298
337 299
337 300
337 301
337 302
325 303
325 304
325 305
325 306
325 307
325 308
325 309
325 310
325 311
325 312
325 313
325 314
325 315
326 315
327 315
328 315
329 315
330 315
331 315
331 316
331 317
331 318
315 319
315 320
315 321
315 322
315 323
315 324
315 325
315 326
315 327
315 328
315 329
315 330
315 331
315 332
315 333
315 334
315 335
315 336
315 337
315 338
291 339
291 340
291 341
291 342
291 343
291 344
291 345
291 346
291 347
291 348
291 349
291 350
291 351
291 352
291 353
291 354
291 355
291 356
291 357
291 358
291 359
291 360
291 361
291 362
291 363
291 364
291 365
292 365
293 365
294 365
295 365
296 365
296 366
296 367
296 368
296 369
296 370
296 371
296 372
296 373
296 374
296 375
296 376
296 377
296 378
296 379
296 380
296 381
296 382
296 383
296 384
296 385
296 386
296 387
296 388
296 389
297 389
298 389
299 389
300 389
301 389
302 389
303 389
304 389
305 389
306 389
307 389
308 389
309 389
310 389
311 389
312 389
312 390
312 391
312 392
312 393
312 394
312 395
312 396
312 397
279 398
279 399
279 400
279 401
279 402
279 403
279 404
279 405
279 406
279 407
279 408
279 409
279 410
279 411
279 412
279 413
279 414
279 415
279 416
279 417
279 418
279 419
279 420
279 421
279 422
279 423
279 424
279 425
279 426
280 426
281 426
282 426
283 426
284 426
285 426
286 426
287 426
288 426
289 426
290 426
291 426
292 426
293 426
294 426
295 426
295 427
295 428
295 429
295 430
295 431
295 432
295 433
295 434
295 435
285 436
285 437
285 438
285 439
285 440
285 441
285 442
286 442
286 443
286 444
286 445
286 446
286 447
286 448
286 449
286 450
286 451
286 452
286 453
286 454
286 455
286 456
286 457
287 457
288 457
289 457
290 457
291 457
292 457
293 457
294 457
295 457
296 457
297 457
298 457
299 457
300 457
301 457
302 457
303 457
304 457
305 457
306 457
307 457
308 457
309 457
310 457
311 457
312 457
313 457
314 457
315 457
316 457
317 457
318 457
319 457
320 457
321 457
322 457
323 457
324 457
325 457
326 457
327 457
328 457
328 458
328 459
328 460
328 461
328 462
329 462
330 462
331 462
332 462
333 462
334 462
335 462
336 462
337 462
338 462
339 462
340 462
341 462
342 462
343 462
344 462
345 462
346 462
347 462
348 462
349 462
350 462
351 462
352 462
353 462
354 462
355 462
356 462
357 462
358 462
359 462
360 462
361 462
362 462
363 462
364 462
365 462
366 462
367 462
368 462
369 462
370 462
371 462
372 462
373 462
374 462
375 462
376 462
377 462
378 462
379 462
380 462
381 462
382 462
383 462
384 462
385 462
386 462
387 462
388 462
389 462
390 462
391 462
392 462
393 462
394 462
395 462
395 463
396 463
397 463
398 463
399 463
400 463
401 463
401 464
401 465
401 466
401 467
401 468
401 469
401 470
401 471
401 472
401 473
401 474
401 475
401 476
401 477
401 478
401 479
401 480
401 481
401 482
401 483
401 484
401 485
401 486
401 487
401 488
401 489
401 490
401 491
401 492
401 493
401 494
402 494
403 494
404 494
405 494
406 494
407 494
408 494
409 494
410 494
411 494
412 494
413 494
414 494
415 494
416 494
417 494
418 494
419 494
420 494
421 494
422 494
423 494
424 494
425 494
426 494
427 494
428 494
429 494
430 494
431 494
432 494
433 494
433 495
433 496
433 497
433 498
433 499
434 499
435 499
436 499
437 499
438 499
439 499
440 499
441 499
442 499
443 499
444 499
445 499
446 499
447 499
448 499
449 499
450 499
451 499
452 499
453 499
454 499
455 499
456 499
457 499
458 499
459 499
460 499
461 499
462 499
463 499
464 499
465 499
466 499
467 499
468 499
469 499
470 499
471 499
472 499
473 499
474 499
475 499
476 499
477 499
478 499
479 499
480 499
481 499
482 499
483 499
484 499
485 499
486 499
487 499
488 499
489 499
490 499
491 499
492 465
493 465
494 465
495 465
427 363
428 363
429 363
430 363
431 363
432 363
433 363
434 363
435 363
436 363
437 363
438 363
439 363
440 363
441 363
442 363
443 363
444 363
445 363
446 363
447 355
448 355
449 355
450 355
451 355
452 355
453 355
454 355
455 355
456 355
457 355
458 355
459 355
460 355
461 355
462 355
463 355
464 355
465 355
466 355
467 355
468 355
469 355
470 355
471 355
472 355
473 355
449 305
450 305
451 305
452 305
453 305
454 305
455 292
456 292
457 292
458 292
459 292
460 292
461 292
462 292
463 292
452 260
453 260
454 260
455 260
456 260
457 260
458 260
441 163
442 163
443 163
444 163
445 163
446 163
447 163
448 163
449 163
450 163
451 163
452 163
453 163
454 163
455 163
456 163
457 163
458 163
459 163
460 163
461 163
462 163
463 163
464 163
465 163
466 163
467 163
468 122
469 122
470 122
471 122
472 122
473 122
474 122
475 122
476 122
477 122
478 122
479 122
480 122
481 122
482 122
483 122
484 122
485 122
486 122
487 122
488 122
489 122
490 122
491 122
492 122
475 35
476 35
477 35
478 35
479 35
480 35
481 35
482 35
483 35
484 35
485 35
486 35
487 35
488 35
489 35
490 35
440 3
398 4
398 5
398 6
398 7
398 8
398 9
398 10
398 11
398 12
398 13
398 14
398 15
398 16
398 17
398 18
398 19
398 20
398 21
398 22
398 23
398 24
398 25
398 26
398 27
398 28
398 29
398 30
398 31
398 32
399 32
400 32
401 32
402 32
403 32
403 33
403 34
403 35
403 36
403 37
403 38
403 39
403 40
403 41
403 42
403 43
403 44
403 45
403 46
403 47
403 48
403 49
403 50
403 51
404 51
405 51
406 51
407 51
408 51
409 51
410 51
411 51
411 52
411 53
411 54
411 55
411 56
411 57
411 58
411 59
411 60
411 61
411 62
411 63
411 64
411 65
411 66
411 67
411 68
411 69
411 70
411 71
411 72
411 73
411 74
411 75
411 76
411 77
411 78
411 79
411 80
411 81
411 82
411 83
411 84
411 85
411 86
411 87
412 87
413 87
414 87
415 87
416 87
417 87
418 87
419 87
420 87
421 87
422 87
423 87
424 87
425 87
426 87
427 87
428 87
429 87
430 87
431 87
432 87
433 87
434 87
435 87
436 87
437 87
438 87
439 87
440 87
441 87
442 87
443 87
444 87
445 87
446 87
447 87
448 87
449 87
450 87
451 87
452 87
453 87
454 87
455 87
456 87
457 87
457 88
457 89
457 90
457 91
457 92
457 93
457 94
457 95
457 96
457 97
457 98
457 99
457 100
457 101
457 102
457 103
457 104
457 105
457 106
457 107
457 108
457 109
457 110
457 111
457 112
457 113
457 114
457 115
457 116
457 117
457 118
457 119
457 120
457 121
457 122
457 123
457 124
457 125
457 126
457 127
457 128
457 129
457 130
457 131
457 132
457 133
457 134
457 135
457 136
457 137
457 138
457 139
457 140
457 141
457 142
457 143
457 144
457 145
457 146
457 147
457 148
457 149
457 150
457 151
457 152
457 153
457 154
457 155
457 156
457 157
457 158
457 159
457 160
457 161
457 162
457 163
457 164
457 165
457 166
457 167
457 168
457 169
457 170
457 171
457 172
458 172
459 172
460 172
461 172
462 172
463 172
464 172
465 172
466 172
467 172
468 172
469 172
470 172
471 172
471 173
471 174
471 175
471 176
471 177
471 178
471 179
471 180
471 181
471 182
471 183
471 184
471 185
471 186
471 187
471 188
471 189
471 190
471 191
471 192
471 193
471 194
471 195
471 196
471 197
471 198
471 199
471 200
471 201
471 202
471 203
471 204
471 205
471 206
471 207
471 208
471 209
471 210
471 211
471 212
471 213
471 214
471 215
471 216
471 217
471 218
471 219
471 220
471 221
471 222
471 223
471 224
471 225
471 226
471 227
471 228
471 229
471 230
471 231
471 232
471 233
471 234
471 235
471 236
471 237
471 238
471 239
471 240
471 241
471 242
471 243
471 244
471 245
471 246
471 247
472 247
473 247
474 247
475 247
476 247
477 247
478 247
479 247
480 247
481 247
482 247
483 247
484 247
485 247
486 247
487 247
488 247
489 247
490 247
490 248
490 249
490 250
490 251
490 252
490 253
490 254
490 255
490 256
490 257
490 258
490 259
490 260
490 261
490 262
490 263
490 264
490 265
490 266
490 267
490 268
490 269
490 270
490 271
490 272
490 273
490 274
490 275
490 276
490 277
490 278
490 279
490 280
490 281
438 282
438 283
438 284
418 285
418 286
418 287
418 288
418 289
418 290
418 291
418 292
418 293
418 294
418 295
418 296
418 297
418 298
418 299
418 300
418 301
418 302
418 303
418 304
418 305
418 306
418 307
418 308
418 309
418 310
418 311
418 312
419 312
420 312
421 312
422 312
423 312
424 312
425 312
426 312
426 313
426 314
426 315
426 316
426 317
426 318
426 319
426 320
426 321
426 322
426 323
426 324
426 325
426 326
426 327
426 328
426 329
426 330
426 331
426 332
426 333
426 334
426 335
426 336
426 337
426 338
426 339
426 340
426 341
426 342
426 343
426 344
426 345
409 346
409 347
409 348
409 349
409 350
409 351
409 352
409 353
409 354
409 355
409 356
409 357
409 358
409 359
409 360
409 361
409 362
409 363
396 364
396 365
396 366
396 367
396 368
396 369
396 370
396 371
396 372
396 373
396 374
396 375
396 376
396 377
396 378
386 379
386 380
386 381
386 382
386 383
386 384
386 385
386 386
386 387
386 388
386 389
386 390
386 391
386 392
386 393
386 394
386 395
386 396
386 397
386 398
386 399
386 400
347 401
347 402
347 403
347 404
347 405
347 406
347 407
347 408
347 409
347 410
347 411
347 412
347 413
347 414
347 415
348 415
349 415
350 415
350 416
350 417
350 418
350 419
350 420
350 421
350 422
350 423
350 424
350 425
350 426
350 427
350 428
350 429
350 430
350 431
350 432
350 433
350 434
350 435
350 436
350 437
350 438
350 439
350 440
351 440
352 440
353 440
354 440
355 440
356 440
357 440
358 440
359 440
360 440
361 440
362 440
363 440
364 440
364 441
364 442
364 443
364 444
364 445
364 446
364 447
364 448
364 449
364 450
364 451
364 452
364 453
364 454
364 455
364 456
364 457
364 458
364 459
364 460
364 461
364 462
364 463
364 464
364 465
364 466
364 467
364 468
364 469
364 470
364 471
364 472
364 473
364 474
364 475
364 476
364 477
364 478
365 478
366 478
367 478
368 478
369 478
370 478
371 478
372 478
373 478
374 478
375 478
376 478
377 478
378 478
379 478
380 478
381 478
382 478
383 478
384 478
385 478
386 478
387 478
388 478
389 478
390 478
391 478
392 478
393 478
394 478
395 478
396 478
397 478
398 478
399 478
400 478
401 478
402 478
403 478
404 478
405 478
406 478
407 478
408 478
409 478
410 478
411 478
412 478
413 478
414 478
415 478
416 478
417 478
418 478
419 478
420 478
421 478
422 478
423 478
424 478
425 478
426 478
427 478
428 478
429 478
430 478
431 478
432 478
433 478
434 478
435 478
436 478
437 478
438 478
439 478
440 478
441 478
442 478
443 478
444 478
445 478
446 478
447 478
448 478
449 478
450 478
451 478
452 478
453 478
454 478
454 479
454 480
454 481
454 482
263 483
263 484
263 485
263 486
263 487
263 488
263 489
263 490
263 491
263 492
254 493
254 494
180 454
181 437
182 437
183 437
184 437
185 437
186 437
187 437
188 437
189 437
190 437
191 437
192 437
193 437
194 437
195 437
196 437
197 437
198 437
199 437
200 437
201 437
202 437
203 410
204 410
205 410
206 410
207 410
208 410
209 410
210 410
211 410
212 410
213 410
214 410
215 410
216 410
217 410
218 410
219 410
220 410
221 410
222 410
217 380
218 380
219 380
220 380
221 380
222 380
223 380
224 380
225 374
226 374
227 374
208 328
209 328
210 328
211 328
212 328
213 328
214 328
215 328
216 328
217 328
218 328
219 328
220 316
221 316
222 316
223 316
224 316
225 316
226 316
227 316
228 316
229 316
230 316
231 316
232 283
233 283
234 283
235 283
236 283
237 283
238 283
239 283
240 283
241 283
242 283
243 283
244 283
245 283
246 283
247 283
248 283
249 283
250 283
251 283
247 219
248 219
249 219
250 219
251 219
252 219
253 183
254 183
255 183
256 183
257 183
258 183
259 183
260 183
261 183
262 183
263 183
23 22
24 22
25 22
26 22
27 22
28 22
29 22
30 22
31 22
32 22
33 22
34 22
35 22
36 22
37 22
38 22
39 22
40 22
41 22
42 22
43 22
44 22
45 22
46 22
47 22
48 22
49 22
50 22
51 22
52 22
53 22
54 22
55 22
56 22
57 22
58 22
59 22
60 22
61 22
62 22
63 22
64 22
65 22
66 22
67 21
68 21
69 21
70 21
71 21
72 21
73 21
74 21
75 21
76 21
77 21
78 21
79 21
80 21
81 21
82 21
83 21
84 21
85 21
86 21
87 21
88 21
89 11
90 11
91 11
92 11
93 11
94 11
95 11
96 11
97 11
98 11
99 11
100 11
101 11
102 11
103 11
104 11
105 11
106 11
107 11
108 11
109 11
110 11
111 11
112 11
113 11
114 11
115 11
116 11
117 11
118 11
119 11
120 11
121 11
122 11
123 11
124 11
125 11
126 11
127 11
128 11
129 11
130 11
131 11
132 11
133 11
134 11
135 11
136 11
137 11
138 11
139 11
140 11
141 11
142 11
143 11
144 11
145 11
146 11
147 11
148 11
149 11
150 11
151 11
152 11
153 11
154 11
155 11
156 11
157 11
158 11
159 11
160 11
161 11
162 11
163 11
164 11
165 11
166 11
167 11
168 11
169 11
170 11
171 11
172 11
173 11
174 11
175 11
176 11
177 11
178 11
179 11
180 11
181 11
182 11
183 11
184 11
185 11
186 11
187 11
188 11
189 11
190 11
191 11
192 11
193 11
194 11
195 11
196 11
197 11
198 11
199 11
200 11
201 11
202 11
203 11
204 11
205 11
206 11
207 11
208 11
209 11
210 11
211 11
212 11
213 11
214 11
215 11
216 11
217 11
218 11
219 11
220 11
221 11
222 11
223 11
224 11
225 11
226 11
227 11
228 11
229 11
230 11
231 11
232 11
233 11
234 11
235 11
235 12
235 13
235 14
235 15
235 16
235 17
235 18
235 19
235 20
235 21
235 22
235 23
235 24
235 25
235 26
235 27
235 28
235 29
235 30
235 31
235 32
235 33
235 34
235 35
235 36
235 37
235 38
235 39
235 40
235 41
235 42
235 43
235 44
216 45
216 46
216 47
216 48
216 49
216 50
216 51
216 52
216 53
216 54
216 55
216 56
216 57
216 58
216 59
216 60
216 61
216 62
217 62
218 62
219 62
220 62
221 62
222 62
223 62
224 62
224 63
224 64
224 65
224 66
224 67
224 68
224 69
224 70
224 71
224 72
224 73
224 74
224 75
224 76
224 77
224 78
224 79
224 80
225 80
226 80
227 80
228 80
229 80
230 80
231 80
232 80
233 80
234 80
235 80
236 80
237 80
238 80
239 80
240 80
241 80
242 80
243 80
244 80
245 80
246 80
246 81
246 82
246 83
246 84
246 85
246 86
246 87
246 88
246 89
246 90
246 91
246 92
246 93
246 94
215 95
215 96
215 97
215 98
215 99
215 100
215 101
215 102
215 103
215 104
215 105
215 106
215 107
215 108
215 109
215 110
215 111
211 112
211 113
211 114
211 115
211 116
211 117
211 118
211 119
212 119
213 119
214 119
215 119
216 119
217 119
218 119
219 119
220 119
221 119
222 119
222 120
222 121
222 122
222 123
222 124
222 125
222 126
222 127
222 128
222 129
222 130
222 131
222 132
222 133
222 134
222 135
222 136
222 137
222 138
222 139
222 140
222 141
222 142
222 143
222 144
222 145
222 146
222 147
222 148
222 149
222 150
222 151
222 152
222 153
222 154
222 155
222 156
222 157
222 158
222 159
222 160
222 161
201 162
201 163
201 164
201 165
201 166
201 167
201 168
201 169
201 170
201 171
201 172
201 173
201 174
201 175
183 176
183 177
183 178
183 179
183 180
183 181
183 182
183 183
183 184
183 185
183 186
176 187
176 188
176 189
176 190
176 191
176 192
176 193
176 194
176 195
176 196
176 197
176 198
176 199
176 200
176 201
176 202
176 203
176 204
176 205
176 206
176 207
176 208
176 209
176 210
176 211
176 212
176 213
176 214
176 215
176 216
176 217
176 218
176 219
168 220
168 221
168 222
168 223
168 224
168 225
168 226
169 226
170 226
171 226
172 226
173 226
174 226
175 226
176 226
177 226
178 226
179 226
180 226
181 226
182 226
183 226
184 226
185 226
186 226
187 226
188 226
189 226
190 226
191 226
191 227
191 228
191 229
191 230
191 231
191 232
191 233
191 234
191 235
191 236
191 237
191 238
192 238
193 238
194 238
195 238
196 238
197 238
198 238
199 238
199 239
199 240
199 241
199 242
199 243
199 244
199 245
199 246
199 247
199 248
199 249
199 250
199 251
199 252
199 253
199 254
199 255
199 256
199 257
199 258
199 259
199 260
199 261
199 262
199 263
199 264
199 265
199 266
199 267
199 268
199 269
199 270
199 271
199 272
199 273
199 274
199 275
199 276
199 277
199 278
199 279
199 280
199 281
199 282
199 283
199 284
199 285
199 286
174 287
174 288
174 289
174 290
174 291
174 292
174 293
174 294
174 295
174 296
174 297
174 298
153 299
153 300
153 301
153 302
153 303
153 304
153 305
153 306
153 307
153 308
154 308
155 308
156 308
157 308
158 308
159 308
160 308
161 308
162 308
163 308
164 308
165 308
166 308
167 308
168 308
169 308
170 308
171 308
172 308
173 308
174 308
175 308
176 308
177 308
178 308
179 308
180 308
181 308
182 308
183 308
184 308
185 308
186 308
187 308
188 308
189 308
189 309
189 310
189 311
189 312
189 313
189 314
189 315
189 316
189 317
189 318
189 319
189 320
189 321
189 322
189 323
189 324
187 325
187 326
187 327
187 328
187 329
187 330
187 331
187 332
187 333
187 334
187 335
187 336
187 337
187 338
187 339
187 340
187 341
187 342
187 343
187 344
187 345
187 346
166 347
166 348
166 349
166 350
166 351
166 352
166 353
166 354
166 355
166 356
166 357
166 358
166 359
166 360
166 361
166 362
166 363
166 364
166 365
166 366
166 367
166 368
166 369
166 370
166 371
166 372
166 373
166 374
166 375
166 376
162 377
162 378
162 379
162 380
162 381
162 382
162 383
162 384
162 385
162 386
162 387
162 388
162 389
162 390
162 391
162 392
162 393
162 394
162 395
162 396
162 397
162 398
162 399
162 400
162 401
162 402
162 403
162 404
162 405
162 406
162 407
122 408
122 409
122 410
122 411
122 412
122 413
122 414
122 415
122 416
122 417
122 418
122 419
122 420
122 421
122 422
122 423
122 424
122 425
122 426
122 427
122 428
122 429
122 430
122 431
122 432
122 433
123 433
124 433
125 433
126 433
127 433
128 433
129 433
130 433
131 433
132 433
133 433
134 433
134 434
134 435
134 436
134 437
134 438
134 439
134 440
134 441
134 442
134 443
134 444
134 445
134 446
134 447
134 448
134 449
134 450
134 451
134 452
134 453
134 454
134 455
134 456
134 457
134 458
134 459
134 460
134 461
134 462
134 463
134 464
134 465
134 466
134 467
134 468
134 469
134 470
134 471
134 472
134 473
135 473
136 473
137 473
138 473
139 473
140 473
141 473
142 473
143 473
144 473
145 473
146 473
147 473
148 473
148 474
148 475
148 476
148 477
148 478
148 479
148 480
148 481
148 482
149 482
150 482
151 482
152 482
153 482
154 482
155 482
156 482
157 482
158 482
159 482
160 482
161 482
162 482
163 482
163 483
163 484
163 485
163 486
163 487
163 488
163 489
163 490
163 491
68 419
69 419
70 419
71 419
72 419
73 419
74 407
75 407
76 407
77 407
78 404
79 404
80 404
81 404
82 404
83 404
84 404
85 404
86 404
87 404
88 404
89 404
90 404
91 404
92 404
93 404
94 404
95 404
96 404
97 404
98 404
99 404
100 404
101 404
102 404
103 404
65 351
66 351
67 351
68 351
69 351
29 294
30 294
31 294
32 294
33 294
34 294
35 294
36 294
37 294
38 294
39 294
40 294
41 294
42 294
43 294
44 294
45 294
46 294
47 294
48 258
49 258
50 258
51 258
52 245
53 245
54 245
55 245
56 245
57 245
58 245
59 245
60 245
61 245
62 245
63 245
64 245
65 245
66 245
67 245
68 245
69 245
70 245
71 245
72 245
73 245
74 245
75 245
76 245
77 245
78 245
79 245
80 245
81 245
82 245
83 245
84 245
85 245
86 245
87 245
88 245
89 245
90 245
91 222
92 222
93 222
94 222
95 222
96 222
97 222
98 222
99 222
100 222
101 222
102 222
103 222
104 222
105 222
106 222
107 222
108 218
109 218
96 195
97 195
93 185
94 185
95 185
96 185
97 185
98 185
99 185
100 185
101 185
102 185
103 185
104 185
105 185
106 185
107 185
108 185
109 185
110 185
103 164
104 164
105 164
106 164
107 164
108 164
109 164
110 164
111 164
112 164
113 149
114 149
115 149
116 149
117 149
118 149
119 149
120 149
121 149
122 149
100 101
101 101
102 101
103 101
104 101
105 101
106 101
107 101
108 101
109 101
110 101
111 101
112 101
113 101
114 101
115 101
116 101
117 101
118 101
119 101
120 101
121 101
122 101
123 101
124 101
125 101
126 101
127 101
128 101
129 101
130 101
131 101
132 101
133 101
134 101
135 101
136 101
137 101
138 101
139 81
140 81
141 81
142 81
143 61
144 61
145 61
146 61
147 61
148 61
149 61
150 61
151 61
152 61
153 61
154 61
155 61
156 61
157 61
158 61
159 61
160 61
161 61
162 61
163 61
164 61
165 61
166 61
167 61
168 61
169 46
170 46
171 46
172 46
173 46
174 46
175 46
176 46
136 29
136 30
136 31
136 32
136 33
136 34
136 35
136 36
136 37
136 38
136 39
136 40
136 41
136 42
136 43
136 44
136 45
136 46
136 47
136 48
136 49
136 50
136 51
136 52
136 53
136 54
136 55
136 56
136 57
90 58
90 59
90 60
90 61
90 62
90 63
90 64
90 65
90 66
90 67
90 68
90 69
90 70
90 71
90 72
90 73
90 74
90 75
90 76
90 77
90 78
90 79
90 80
90 81
90 82
90 83
90 84
90 85
90 86
90 87
90 88
90 89
90 90
90 91
90 92
90 93
90 94
90 95
90 96
90 97
90 98
90 99
90 100
90 101
90 102
90 103
90 104
90 105
90 106
90 107
90 108
90 109
90 110
90 111
90 112
90 113
90 114
90 115
90 116
90 117
90 118
90 119
55 120
55 121
55 122
55 123
55 124
55 125
55 126
55 127
55 128
55 129
55 130
55 131
55 132
55 133
55 134
55 135
55 136
55 137
54 138
54 139
47 140
47 141
47 142
47 143
47 144
47 145
47 146
47 147
47 148
47 149
47 150
47 151
47 152
47 153
47 154
47 155
16 156
16 157
16 158
16 159
16 160
16 161
16 162
16 163
16 164
16 165
16 166
16 167
16 168
17 168
18 168
19 168
20 168
21 168
22 168
23 168
24 168
25 168
25 169
25 170
25 171
25 172
25 173
25 174
25 175
25 176
25 177
25 178
25 179
25 180
25 181
25 182
25 183
25 184
25 185
25 186
25 187
25 188
25 189
25 190
25 191
25 192
25 193
25 194
25 195
25 196
25 197
25 198
25 199
25 200
25 201
10 202
10 203
10 204
10 205
10 206
10 207
10 208
10 209
10 210
10 211
10 212
10 213
10 214
10 215
10 216
4 217
4 218
4 219
4 220
4 221
4 222
4 223
4 224
4 225
4 226
4 227
4 228
4 229
4 230
4 231
4 232
4 233
4 234
4 235
4 236
4 237
4 238
4 239
4 240
4 241
4 242
4 243
4 244
4 245
4 246
4 247
4 248
4 249
4 250
4 251
4 252
4 253
4 254
4 255
4 256
4 257
4 258
4 259
4 260
4 261
4 262
4 263
4 264
4 265
4 266
4 267
4 268
4 269
4 270
4 271
4 272
4 273
4 274
4 275
4 276
4 277
4 278
4 279
4 280
4 281
4 282
4 283
4 284
5 284
6 284
7 284
8 284
9 284
10 284
11 284
12 284
13 284
14 284
15 284
16 284
17 284
18 284
19 284
20 284
21 284
22 284
23 284
24 284
25 284
26 284
27 284
28 284
29 284
30 284
31 284
32 284
33 284
34 284
35 284
36 284
37 284
38 284
39 284
40 284
41 284
42 284
43 284
44 284
45 284
46 284
47 284
48 284
49 284
50 284
51 284
52 284
53 284
54 284
55 284
56 284
57 284
58 284
59 284
60 284
61 284
62 284
63 284
64 284
65 284
66 284
67 284
68 284
69 284
70 284
71 284
72 284
73 284
74 284
75 284
76 284
77 284
78 284
79 284
80 284
81 284
82 284
83 284
84 284
85 284
86 284
87 284
87 285
87 286
87 287
87 288
87 289
87 290
87 291
87 292
87 293
87 294
87 295
87 296
87 297
87 298
87 299
87 300
87 301
87 302
87 303
87 304
88 304
89 304
90 304
91 304
92 304
93 304
94 304
95 304
96 304
97 304
98 304
99 304
100 304
101 304
102 304
103 304
104 304
105 304
106 304
106 305
106 306
106 307
106 308
106 309
106 310
106 311
106 312
106 313
106 314
106 315
106 316
106 317
106 318
106 319
106 320
106 321
106 322
106 323
106 324
106 325
106 326
106 327
106 328
106 329
106 330
106 331
106 332
106 333
106 334
106 335
106 336
106 337
106 338
106 339
106 340
106 341
106 342
106 343
106 344
107 344
108 344
109 344
110 344
111 344
112 344
113 344
114 344
115 344
116 344
117 344
118 344
119 344
120 344
121 344
122 344
123 344
124 344
125 344
126 344
127 344
128 344
129 344
130 344
131 344
132 344
132 345
132 346
132 347
132 348
132 349
132 350
132 351
132 352
132 353
132 354
132 355
132 356
132 357
132 358
132 359
132 360
132 361
132 362
132 363
132 364
132 365
132 366
132 367
133 367
134 367
135 367
135 368
135 369
135 370
126 371
126 372
126 373
126 374
126 375
126 376
126 377
126 378
126 379
126 380
126 381
126 382
43 383
43 384
43 385
43 386
43 387
43 388
43 389
43 390
43 391
43 392
43 393
43 394
43 395
43 396
43 397
43 398
43 399
43 400
43 401
43 402
43 403
43 404
43 405
43 406
43 407
43 408
43 409
43 410
18 411
18 412
18 413
18 414
18 415
18 416
18 417
18 418
18 419
2 420
2 421
2 422
2 423
2 424
2 425
2 426
2 427
2 428
2 429
2 430
2 431
2 432
2 433
2 434
2 435
2 436
2 437
2 438
2 439
2 440
2 441
2 442
2 443
2 444
2 445
2 446
2 447
2 448
2 449
2 450
2 451
2 452
2 453
2 454
2 455
2 456
2 457
2 458
3 458
4 458
5 458
6 458
7 458
8 458
9 458
9 459
9 460
9 461
9 462
9 463
9 464
9 465
9 466
9 467
9 468
9 469
10 469
11 469
12 469
13 469
14 469
15 469
16 469
17 469
18 469
19 469
20 469
21 469
22 469
23 469
24 469
25 469
26 469
26 470
26 471
26 472
26 473
26 474
26 475
26 476
27 476
28 476
29 476
30 476
31 476
32 476
33 476
34 476
35 476
36 476
37 476
38 476
39 476
40 476
41 476
42 476
43 476
44 476
45 476
46 476
47 476
48 476
49 476
50 476
51 476
52 476
53 476
54 476
55 476
56 476
57 476
58 476
59 476
60 476
61 476
62 476
63 476
64 476
65 476
66 476
67 476
68 476
69 476
69 477
69 478
69 479
69 480
70 480
71 480
72 480
72 481
72 482
72 483
72 484
72 485
72 486
73 486
74 486
75 486
76 486
77 486
78 486
79 486
80 486
81 486
82 486
83 486
84 486
85 486
86 486
87 486
88 486
89 486
90 486
91 486
92 486
93 486
94 486
95 486
96 486
97 486
98 486
99 486
100 486
101 486
102 486
103 486
104 486
105 486
106 486
107 486
108 486
109 486
110 486
111 486
112 486
113 486
114 486
115 486
116 486
117 486
118 486
119 486
120 486
121 486
122 486
123 486
124 486
125 486
126 486
127 486
128 486
129 486
130 486
131 486
132 486
133 486
134 486
135 486
136 486
137 486
138 486
139 486
140 486
141 486
142 486
143 486
144 486
145 486
146 486
147 486
148 486
149 486
150 486
151 486
152 486
153 486
154 486
155 486
156 486
157 486
158 486
159 486
160 486
161 486
162 486
163 486
164 486
165 486
166 486
167 486
168 486
169 486
170 486
171 486
172 486
173 486
174 486
175 486
176 486
177 486
178 486
179 486
180 486
181 486
182 486
183 486
184 486
185 486
186 486
187 486
188 486
189 486
190 486
191 486
192 486
193 486
194 486
195 486
196 486
197 486
198 486
199 486
200 486
201 486
202 486
203 486
204 486
205 486
206 486
207 486
208 486
209 486
210 486
211 486
212 486
213 486
214 486
215 486
216 486
217 486
218 486
219 486
220 486
221 486
222 486
223 486
224 486
225 486
226 486
227 486
228 486
229 486
230 486
231 486
232 486
233 486
234 486
235 486
236 486
237 486
238 486
239 486
240 486
241 486
242 486
243 486
244 486
245 486
246 486
247 486
248 486
207 449
208 449
209 449
210 397
211 397
212 397
213 397
214 397
215 397
216 397
217 397
218 397
219 397
220 397
221 397
222 397
223 397
224 397
225 397
226 397
227 397
228 397
229 397
230 397
231 397
232 397
233 397
234 397
235 397
236 397
237 397
238 397
239 397
240 397
241 397
242 397
243 397
244 397
245 372
246 372
247 372
248 372
249 372
250 372
251 372
252 372
253 372
254 372
255 372
256 372
257 372
258 372
259 372
260 372
261 372
262 372
263 372
264 372
265 372
266 372
267 359
259 345
260 327
261 327
262 327
263 327
264 327
265 327
266 327
267 327
268 327
269 327
270 327
271 279
272 279
273 279
274 279
275 279
276 279
277 279
278 279
279 279
280 279
281 279
282 279
283 279
284 279
285 279
286 279
287 279
288 279
289 279
290 279
291 279
292 279
293 279
294 279
295 279
296 279
297 279
298 279
299 279
300 279
301 279
302 279
303 279
304 279
305 279
306 279
307 279
289 249
290 249
291 249
292 249
293 249
294 249
295 249
296 249
297 249
298 249
299 249
300 249
301 249
302 249
303 249
304 249
305 249
306 249
307 249
308 249
309 249
310 249
311 249
312 249
313 249
314 249
315 249
316 201
317 201
318 201
319 201
320 201
321 201
322 201
323 201
311 158
312 158
313 133
314 133
315 133
316 133
317 133
318 133
319 133
320 133
321 133
322 133
323 133
324 133
325 133
326 133
327 133
328 133
329 133
330 133
331 133
332 133
333 133
334 133
335 133
336 133
337 133
338 133
339 133
340 133
341 133
342 133
343 133
344 133
345 133
346 133
347 133
348 133
278 48
279 48
280 48
269 30
270 30
270 31
270 32
270 33
270 34
270 35
270 36
270 37
270 38
270 39
270 40
270 41
270 42
270 43
270 44
270 45
270 46
270 47
270 48
270 49
270 50
270 51
270 52
270 53
270 54
242 55
242 56
242 57
242 58
242 59
196 60
196 61
196 62
196 63
196 64
196 65
196 66
196 67
196 68
196 69
196 70
196 71
196 72
196 73
196 74
196 75
196 76
196 77
196 78
196 79
196 80
196 81
196 82
196 83
196 84
196 85
196 86
196 87
196 88
196 89
196 90
196 91
197 91
198 91
199 91
200 91
201 91
202 91
203 91
204 91
205 91
206 91
206 92
206 93
206 94
206 95
206 96
206 97
206 98
206 99
206 100
206 101
206 102
206 103
206 104
206 105
206 106
206 107
206 108
206 109
206 110
206 111
206 112
206 113
206 114
206 115
206 116
206 117
206 118
206 119
206 120
206 121
206 122
206 123
206 124
206 125
206 126
206 127
206 128
206 129
206 130
206 131
206 132
206 133
206 134
206 135
206 136
206 137
206 138
206 139
206 140
206 141
206 142
206 143
206 144
206 145
206 146
206 147
206 148
206 149
206 150
206 151
206 152
206 153
206 154
206 155
206 156
206 157
206 158
206 159
206 160
206 161
206 162
206 163
206 164
160 165
160 166
160 167
160 168
160 169
160 170
160 171
160 172
160 173
160 174
160 175
160 176
160 177
160 178
160 179
160 180
159 181
157 182
157 183
157 184
157 185
157 186
157 187
157 188
157 189
157 190
157 191
157 192
157 193
157 194
157 195
157 196
157 197
157 198
157 199
157 200
157 201
157 202
157 203
157 204
157 205
157 206
157 207
157 208
157 209
157 210
157 211
157 212
157 213
149 214
149 215
149 216
149 217
149 218
149 219
149 220
149 221
149 222
149 223
128 224
128 225
128 226
128 227
128 228
128 229
128 230
128 231
128 232
128 233
128 234
128 235
128 236
128 237
129 237
130 237
131 237
132 237
133 237
134 237
135 237
136 237
137 237
137 238
137 239
137 240
137 241
137 242
137 243
137 244
137 245
137 246
137 247
137 248
137 249
137 250
137 251
137 252
137 253
137 254
137 255
137 256
137 257
137 258
137 259
137 260
137 261
137 262
137 263
137 264
137 265
137 266
137 267
137 268
137 269
137 270
137 271
137 272
137 273
137 274
109 275
109 276
109 277
109 278
109 279
109 280
109 281
109 282
109 283
109 284
109 285
109 286
109 287
109 288
109 289
109 290
109 291
109 292
109 293
109 294
109 295
109 296
109 297
109 298
110 298
111 298
112 298
113 298
114 298
114 299
114 300
114 301
114 302
114 303
114 304
114 305
114 306
114 307
114 308
114 309
114 310
114 311
114 312
114 313
114 314
114 315
114 316
114 317
114 318
114 319
114 320
114 321
114 322
114 323
114 324
114 325
114 326
114 327
114 328
114 329
114 330
114 331
114 332
114 333
114 334
114 335
38 336
38 337
38 338
38 339
38 340
38 341
38 342
38 343
38 344
38 345
38 346
38 347
38 348
38 349
38 350
38 351
38 352
39 352
40 352
41 352
42 352
43 352
44 352
44 353
44 354
44 355
44 356
44 357
44 358
44 359
44 360
44 361
44 362
44 363
44 364
44 365
44 366
44 367
44 368
44 369
44 370
44 371
44 372
44 373
44 374
44 375
44 376
44 377
44 378
44 379
44 380
44 381
44 382
44 383
44 384
44 385
44 386
44 387
44 388
44 389
44 390
44 391
44 392
44 393
44 394
44 395
44 396
44 397
44 398
44 399
44 400
44 401
44 402
44 403
44 404
44 405
44 406
44 407
44 408
44 409
44 410
44 411
44 412
44 413
44 414
44 415
44 416
44 417
44 418
44 419
44 420
44 421
44 422
44 423
44 424
44 425
44 426
44 427
44 428
44 429
44 430
44 431
44 432
44 433
44 434
44 435
44 436
44 437
44 438
44 439
44 440
44 441
44 442
44 443
44 444
44 445
44 446
44 447
44 448
44 449
44 450
44 451
44 452
44 453
44 454
44 455
44 456
44 457
44 458
44 459
44 460
44 461
44 462
44 463
44 464
44 465
44 466
44 467
44 468
44 469
44 470
44 471
45 471
46 471
47 471
48 471
49 471
50 471
51 471
52 471
53 471
54 471
55 471
56 471
57 471
58 471
59 471
60 471
61 471
62 471
63 471
64 471
65 471
66 471
67 471
68 471
69 471
70 471
71 471
72 471
73 471
74 471
75 471
76 471
77 471
78 471
79 471
80 471
81 471
82 471
83 471
84 471
85 450
86 450
87 450
88 450
89 450
90 450
91 450
92 450
93 450
94 450
95 450
96 450
97 450
98 450
99 450
100 450
101 450
102 450
103 450
104 450
105 450
106 450
107 450
108 450
109 450
110 450
111 450
112 450
113 450
114 450
115 450
116 450
117 450
118 450
119 450
120 450
121 450
122 450
123 450
124 450
125 450
126 450
127 450
128 450
129 450
130 450
131 450
132 450
133 450
134 450
135 450
136 450
137 450
138 450
139 450
140 450
141 450
142 450
143 450
144 450
145 450
146 450
147 450
148 450
149 450
150 450
151 450
152 450
153 450
154 450
155 450
156 450
157 450
158 450
159 450
160 450
161 450
162 450
163 450
164 450
165 450
166 450
167 450
168 450
169 450
170 450
171 450
172 450
173 450
174 450
175 450
176 450
177 450
178 450
179 450
180 450
181 450
182 450
183 450
184 450
185 450
186 450
187 450
188 450
189 450
190 450
191 450
192 450
193 450
194 450
195 450
196 450
197 450
198 450
199 450
200 450
201 450
202 450
203 450
204 450
205 450
206 450
207 450
208 450
209 450
210 450
211 450
212 329
213 329
214 329
215 329
216 329
217 329
218 329
219 329
220 329
221 329
222 329
223 329
224 329
225 329
226 329
227 329
228 329
229 329
230 329
231 329
232 329
233 254
234 254
235 254
236 254
237 254
238 254
239 254
240 254
241 254
242 254
243 254
244 254
245 254
246 254
247 254
248 254
249 254
250 254
251 254
252 254
253 254
254 254
255 254
256 254
257 254
258 254
259 254
260 254
261 254
262 254
263 254
264 254
265 254
266 254
267 254
268 254
269 254
270 254
271 254
272 254
273 254
274 254
275 254
276 254
277 254
278 254
279 254
280 254
281 254
282 254
283 254
284 254
285 254
286 254
287 254
288 254
289 254
290 254
291 254
292 254
293 254
294 254
295 254
296 254
297 254
298 254
299 254
300 254
301 254
302 254
303 254
304 254
305 254
306 254
307 254
308 254
309 254
310 254
311 254
312 254
313 254
314 254
315 254
316 254
317 254
318 254
319 254
320 254
321 254
322 254
323 254
324 254
325 254
326 254
327 254
328 254
329 254
330 254
331 254
332 254
333 254
334 254
335 254
336 254
337 254
338 254
339 254
298 161
299 161
300 161
301 161
302 161
303 161
304 161
305 161
306 161
307 161
308 161
309 161
310 161
311 161
312 161
313 161
314 161
315 161
316 161
317 161
318 161
319 161
320 161
321 161
322 161
323 161
324 161
325 161
326 161
327 161
328 161
329 161
330 161
331 161
332 161
333 161
334 161
335 161
336 161
337 161
338 161
339 161
340 161
341 161
342 161
343 161
344 161
345 161
346 161
347 161
348 161
349 161
350 161
351 161
352 161
353 161
354 161
355 161
356 161
357 161
358 154
359 154
360 154
361 154
362 154
363 154
364 154
365 154
366 154
367 154
368 154
369 154
322 63
323 63
324 63
325 63
326 63
327 63
328 63
329 63
330 63
331 63
332 63
333 63
334 63
335 63
336 63
337 63
338 63
339 63
340 63
341 63
342 63
343 38
344 38
345 38
346 38
347 38
348 38
349 38
350 38
351 38
352 38
353 38
354 38
355 38
356 38
357 38
358 38
359 38
360 38
361 38
362 38
363 38
364 38
365 38
366 38
367 38
368 38
369 38
370 38
371 38
372 38
373 38
374 38
375 38
376 38
377 38
378 38
379 38
380 38
381 38
382 38
383 38
384 38
385 38
386 38
387 38
388 38
389 38
390 38
391 38
392 38
393 38
394 38
395 38
396 38
397 38
398 38
399 38
400 38
401 38
402 38
403 38
404 38
405 38
406 38
407 38
408 38
409 38
410 38
411 38
412 38
413 38
414 38
415 38
416 38
417 38
418 38
419 38
420 38
421 38
422 38
423 38
424 38
425 38
426 38
427 38
428 38
429 38
430 38
431 38
432 38
433 38
434 38
435 38
436 38
437 38
438 38
439 38
440 38
441 38
442 38
443 38
444 38
445 38
446 38
447 38
448 38
449 38
450 38
451 38
452 38
453 38
454 38
455 38
456 38
457 38
458 38
459 38
460 38
461 38
462 38
463 38
464 38
465 38
466 38
467 38
468 38
469 38
470 38
471 38
472 38
473 38
474 38
475 38
476 38
477 38
478 38
479 38
480 38
481 38
482 38
483 38
484 38
485 38
486 38
487 38
488 38
489 38
490 38
491 38
492 38
493 38
494 38
495 38
496 38
497 38
498 38
498 39
498 40
498 41
498 42
498 43
498 44
498 45
498 46
498 47
498 48
498 49
498 50
498 51
498 52
498 53
498 54
498 55
498 56
498 57
498 58
498 59
498 60
498 61
498 62
498 63
498 64
498 65
498 66
498 67
498 68
498 69
498 70
498 71
498 72
498 73
498 74
498 75
498 76
498 77
498 78
498 79
498 80
498 81
498 82
498 83
498 84
498 85
498 86
498 87
498 88
498 89
498 90
498 91
498 92
498 93
498 94
498 95
498 96
498 97
498 98
498 99
498 100
498 101
498 102
498 103
498 104
498 105
498 106
498 107
498 108
498 109
498 110
498 111
498 112
498 113
498 114
498 115
498 116
498 117
498 118
498 119
498 120
498 121
498 122
498 123
498 124
498 125
498 126
498 127
498 128
498 129
498 130
498 131
498 132
498 133
498 134
498 135
498 136
498 137
498 138
498 139
498 140
498 141
498 142
498 143
498 144
498 145
498 146
498 147
498 148
498 149
498 150
498 151
498 152
498 153
498 154
498 155
498 156
498 157
498 158
498 159
498 160
498 161
498 162
498 163
498 164
498 165
498 166
498 167
498 168
498 169
498 170
477 171
477 172
477 173
477 174
477 175
477 176
477 177
477 178
477 179
477 180
477 181
477 182
477 183
477 184
477 185
477 186
477 187
477 188
477 189
477 190
477 191
477 192
477 193
477 194
477 195
477 196
477 197
477 198
477 199
477 200
477 201
477 202
477 203
477 204
477 205
477 206
477 207
477 208
477 209
477 210
477 211
477 212
477 213
477 214
477 215
477 216
477 217
477 218
477 219
477 220
477 221
477 222
477 223
477 224
477 225
477 226
477 227
477 228
477 229
477 230
477 231
477 232
477 233
477 234
477 235
477 236
477 237
477 238
423 239
423 240
423 241
423 242
423 243
423 244
423 245
423 246
423 247
423 248
423 249
423 250
423 251
423 252
420 253
420 254
420 255
420 256
420 257
420 258
420 259
420 260
420 261
420 262
420 263
420 264
420 265
416 266
416 267
416 268
416 269
406 270
406 271
406 272
406 273
406 274
406 275
406 276
406 277
406 278
406 279
406 280
406 281
406 282
406 283
406 284
406 285
406 286
406 287
384 288
374 289
374 290
374 291
374 292
374 293
374 294
374 295
374 296
374 297
374 298
374 299
374 300
374 301
374 302
374 303
374 304
374 305
374 306
374 307
374 308
374 309
374 310
374 311
374 312
374 313
374 314
374 315
374 316
374 317
374 318
374 319
374 320
374 321
374 322
374 323
374 324
375 324
376 324
377 324
378 324
379 324
380 324
381 324
382 324
382 325
382 326
382 327
382 328
382 329
382 330
382 331
382 332
382 333
380 334
380 335
380 336
380 337
380 338
380 339
380 340
380 341
380 342
380 343
381 343
382 343
383 343
384 343
385 343
386 343
387 343
388 343
389 343
389 344
389 345
389 346
389 347
389 348
389 349
389 350
389 351
389 352
372 353
372 354
372 355
372 356
372 357
372 358
372 359
372 360
372 361
372 362
372 363
372 364
372 365
372 366
372 367
372 368
372 369
372 370
372 371
372 372
372 373
372 374
372 375
344 376
344 377
344 378
344 379
344 380
344 381
344 382
344 383
344 384
344 385
344 386
344 387
344 388
344 389
344 390
344 391
344 392
344 393
344 394
344 395
344 396
344 397
344 398
344 399
344 400
344 401
344 402
344 403
345 403
346 403
347 403
348 403
349 403
350 403
351 403
352 403
353 403
354 403
355 403
356 403
357 403
358 403
359 403
360 403
361 403
362 403
363 403
364 403
365 403
366 403
367 403
368 403
369 403
370 403
371 403
372 403
373 403
374 403
375 403
376 403
377 403
378 403
379 403
380 403
381 403
382 403
383 403
384 403
385 403
386 403
387 403
388 403
389 403
390 403
391 403
392 403
393 403
394 403
395 403
396 403
397 403
398 403
399 403
400 403
401 403
402 403
403 403
404 403
405 403
406 403
407 403
408 403
409 403
410 403
411 403
412 403
413 403
414 403
415 403
416 403
417 403
418 403
419 403
420 403
421 403
422 403
423 403
424 403
425 403
426 403
427 403
428 403
429 403
430 403
431 403
432 403
433 403
434 403
435 403
436 403
437 403
438 403
439 403
440 403
441 403
442 403
443 403
444 403
445 403
446 403
447 403
448 403
449 403
450 403
451 403
452 403
453 403
454 403
455 403
456 403
457 403
458 403
459 403
460 403
461 403
462 403
463 403
464 403
465 403
466 403
467 403
468 403
469 403
470 403
471 403
472 403
473 403
474 403
475 403
476 403
477 403
478 403
479 403
479 404
479 405
479 406
479 407
479 408
479 409
479 410
479 411
479 412
479 413
480 413
481 413
482 413
483 413
323 269
324 269
325 269
326 269
327 269
328 269
329 269
330 269
331 269
332 269
333 269
334 269
335 269
336 269
337 269
338 269
339 269
340 269
341 269
342 269
343 269
344 269
345 269
346 269
347 269
348 269
349 269
350 269
351 269
352 269
353 269
354 269
355 269
356 269
357 269
358 269
359 269
360 269
361 269
362 257
363 257
364 257
365 257
366 257
367 257
368 257
369 257
370 257
371 257
372 257
373 257
374 257
375 257
376 257
377 257
378 257
379 257
380 257
381 257
382 257
383 257
384 257
385 257
386 257
387 257
388 257
389 257
390 257
391 257
392 257
393 257
394 257
395 257
396 257
397 257
398 257
399 257
400 257
401 257
402 257
403 257
352 66
352 67
352 68
352 69
352 70
352 71
352 72
352 73
352 74
352 75
352 76
352 77
352 78
352 79
352 80
352 81
352 82
352 83
352 84
161 85
161 86
161 87
161 88
161 89
161 90
161 91
161 92
161 93
161 94
161 95
161 96
161 97
161 98
161 99
161 100
161 101
161 102
161 103
161 104
161 105
161 106
161 107
161 108
161 109
161 110
161 111
161 112
161 113
161 114
161 115
161 116
161 117
161 118
161 119
161 120
161 121
161 122
161 123
161 124
161 125
161 126
161 127
161 128
161 129
161 130
161 131
161 132
161 133
161 134
161 135
161 136
161 137
161 138
36 139
36 140
36 141
36 142
36 143
36 144
36 145
36 146
36 147
36 148
36 149
36 150
36 151
36 152
36 153
36 154
36 155
36 156
36 157
36 158
36 159
36 160
36 161
36 162
36 163
36 164
36 165
36 166
36 167
36 168
36 169
36 170
36 171
36 172
36 173
36 174
36 175
36 176
36 177
36 178
36 179
36 180
36 181
36 182
36 183
36 184
36 185
36 186
36 187
36 188
36 189
36 190
36 191
36 192
36 193
36 194
36 195
36 196
36 197
36 198
36 199
36 200
36 201
36 202
36 203
36 204
36 205
36 206
36 207
36 208
36 209
36 210
36 211
37 211
38 211
39 211
40 211
41 211
42 211
43 211
44 211
45 211
46 211
47 211
48 211
49 211
50 211
51 211
52 211
53 211
54 211
55 211
56 211
57 211
58 211
59 211
60 211
61 211
62 211
63 211
64 211
65 211
15 41
16 41
17 41
18 41
19 41
20 41
21 41
22 41
23 41
24 41
25 41
26 41
27 41
28 41
29 41
30 41
31 41
32 41
33 41
34 41
35 41
36 41
37 41
38 41
39 41
40 41
41 41
42 41
43 41
44 41
45 41
46 41
47 41
48 41
49 41
50 41
51 41
52 41
53 41
54 41
55 41
56 41
57 41
58 41
59 41
60 41
61 41
62 41
63 41
64 41
65 41
66 41
67 41
68 41
69 41
70 41
71 41
72 41
73 41
74 41
75 41
76 41
77 41
78 41
79 41
80 41
81 41
82 41
83 41
84 41
85 41
86 41
87 41
88 41
89 41
90 41
91 41
92 41
93 41
94 41
95 41
96 41
97 41
98 41
99 41
100 41
101 41
102 41
103 41
104 41
105 41
106 41
107 41
108 41
109 41
110 41
111 41
112 41
113 41
114 41
115 41
116 41
117 41
118 41
119 41
120 41
121 41
122 41
123 41
124 41
125 41
126 41
127 41
128 41
129 41
130 41
131 41
132 41
133 41
134 41
135 41
136 41
137 41
138 41
139 41
140 41
141 41
142 41
143 41
144 41
145 41
146 41
147 41
148 41
149 41
150 41
151 41
152 41
153 41
154 41
155 41
156 41
157 41
158 41
159 41
160 41
161 41
162 41
163 41
164 41
165 41
166 41
167 41
168 41
169 41
170 41
171 41
172 41
173 41
174 41
175 41
176 41
177 41
178 41
179 41
180 41
181 41
182 41
183 41
184 41
185 41
186 41
187 41
188 41
189 41
190 41
191 41
192 41
193 41
194 41
195 41
196 41
197 41
198 41
199 41
200 41
201 41
202 41
203 41
204 41
205 41
206 41
207 41
208 41
209 41
210 41
211 41
212 41
213 41
214 41
215 41
216 41
217 41
218 41
219 41
220 41
221 41
222 41
223 41
224 41
225 41
226 41
227 41
228 41
229 41
230 41
231 41
232 41
233 41
234 41
235 41
236 41
237 41
238 41
239 41
240 41
241 41
242 41
243 41
244 41
245 41
246 41
247 41
248 41
249 41
250 41
251 41
252 41
253 41
254 41
255 41
256 41
257 41
258 41
259 41
260 41
261 41
262 41
263 41
264 41
265 41
266 41
267 41
268 41
269 41
270 41
271 41
272 41
273 41
274 41
275 41
276 41
277 41
278 41
279 41
280 41
281 41
282 41
283 41
284 41
285 41
286 41
287 41
288 41
289 41
290 41
291 41
292 41
293 41
294 41
295 41
296 41
297 41
298 41
299 41
300 41
301 41
302 41
303 41
304 41
305 41
306 41
307 41
308 41
309 41
310 41
311 41
312 41
313 41
314 41
315 41
316 41
317 41
318 41
319 41
320 41
321 41
322 41
323 41
324 41
325 41
326 41
327 41
328 41
329 41
330 41
331 41
332 41
333 41
334 41
335 41
336 41
337 41
338 41
339 41
340 41
341 41
342 41
343 41
344 41
345 41
346 41
347 41
348 41
349 41
350 41
351 41
352 41
353 41
354 41
355 41
356 41
357 41
358 41
359 41
360 41
361 41
362 41
363 41
364 41
365 41
366 41
367 41
368 41
369 41
370 41
371 41
372 41
373 41
374 41
375 41
376 41
377 41
378 41
379 41
380 41
381 41
382 41
383 41
384 41
385 41
386 41
387 41
388 41
389 41
390 41
391 41
392 41
393 41
394 41
395 41
396 41
397 41
398 41
399 41
400 41
401 41
402 41
403 41
404 41
405 41
406 41
407 41
408 41
409 41
410 41
411 41
412 41
413 41
414 41
415 41
416 41
417 41
418 41
419 41
420 41
421 41
422 41
423 41
424 41
425 41
426 41
427 41
428 41
429 41
430 41
431 41
432 41
433 41
434 41
435 41
436 41
437 41
438 41
439 41
440 41
441 41
442 41
443 41
444 41
445 41
446 41
447 41
448 41
449 41
450 41
451 41
452 41
453 41
454 41
455 41
456 41
457 41
458 41
459 41
460 41
461 41
462 41
463 41
464 41
465 41
466 41
467 41
468 41
469 41
470 41
471 41
472 41
473 41
474 41
475 41
476 41
477 41
478 41
479 41
480 41
481 41
482 41
483 41
484 41
485 41
486 41
487 41
488 41
489 41
490 41
491 41
492 41
493 41
494 41
495 41
496 41
497 41
498 41
499 41
