100 100
50
64 47 79 60
88 80 -61 -80
79 6 93 36
35 17 -44 90
48 19 16 98
69 25 -100 -7
19 0 -15 -99
59 4 -100 -10
2 90 56 -83
65 15 93 36
9 52 -51 -87
60 1 40 91
58 14 23 -98
26 81 -23 97
52 68 -76 -67
27 31 92 37
81 4 54 -84
5 17 93 -37
50 21 75 -66
0 80 -99 15
80 97 -41 -92
84 81 -30 95
28 12 -100 -13
0 82 89 44
60 72 -94 -35
37 10 -75 67
5 50 61 -79
33 35 -95 -33
17 2 45 -89
82 23 -15 -99
0 7 84 52
40 19 45 88
50 21 15 98
56 58 37 -93
15 14 -99 19
56 72 3 -100
8 82 1 -100
43 94 98 17
87 16 89 44
73 31 -15 -99
1 79 -54 84
92 5 20 97
62 17 30 -96
70 25 -24 97
35 5 -100 7
93 4 -100 -3
36 42 1 -100
46 38 21 97
79 80 -99 -20
85 13 -90 -45
