366 245
172 147
472 193
428 434
414 12
15 164
118 11
177 242
315 133
374 331
127 468
337 85
288 184
455 233
122 300
473 479
434 452
346 157
368 406
229 371
22 337
187 302
353 49
156 487
221 428
412 423
433 87
99 388
386 77
482 389
64 213
144 384
301 115
485 110
155 218
287 354
185 413
223 105
283 381
272 469
213 304
198 361
385 283
163 88
331 412
69 340
95 108
482 19
476 335
243 60
49 405
305 67
377 214
78 257
169 173
140 47
153 334
415 166
274 444
26 126
176 45
179 191
253 424
279 19
286 262
367 490
75 317
367 461
27 40
84 164
369 476
417 288
322 273
263 201
258 280
39 76
97 61
255 95
333 378
229 280
103 441
452 308
55 134
399 400
425 362
352 405
404 33
170 121
463 96
275 489
319 326
41 16
37 424
23 462
40 266
377 170
457 462
247 222
133 263
212 38
