24 282
810 629
889 603
914 312
364 695
95 931
429 76
700 765
914 49
825 504
770 817
275 130
47 772
360 966
46 395
229 885
158 342
803 89
626 883
390 780
868 764
543 488
367 166
213 940
658 497
839 283
215 329
583 627
248 661
86 480
432 652
903 473
434 549
347 340
535 15
29 712
475 675
431 990
606 248
319 753
74 168
849 113
807 770
320 633
915 428
233 547
379 506
802 325
399 561
197 975
364 886
254 355
89 535
716 69
106 80
768 192
285 550
79 983
589 712
354 601
39 94
254 917
862 352
287 41
589 831
124 759
706 667
672 219
406 888
150 156
939 20
555 103
78 701
203 447
50 27
209 30
432 761
61 801
90 958
963 633
522 524
843 839
258 608
734 352
960 429
914 530
723 229
626 177
551 885
711 384
198 699
886 981
203 92
911 860
159 242
351 473
257 784
603 36
626 395
771 154
514 653
193 256
943 893
628 135
213 812
967 350
256 718
919 92
915 205
845 690
542 245
91 625
469 98
361 424
379 233
728 850
311 816
520 73
951 678
658 605
777 934
454 175
151 579
379 371
753 648
615 511
730 38
611 737
612 101
346 52
288 178
535 395
325 947
852 947
484 963
472 533
50 869
332 703
153 734
552 588
778 564
282 843
301 274
865 507
647 24
679 393
891 159
697 106
781 102
150 481
154 861
235 395
829 914
512 180
71 836
699 564
140 839
190 842
437 843
486 325
666 961
88 306
56 908
708 919
29 446
946 802
495 724
370 282
86 232
966 237
546 803
272 458
677 37
720 480
315 888
586 297
202 524
398 47
507 358
558 440
94 365
974 142
183 134
515 902
977 938
769 496
646 329
37 190
631 679
887 720
984 794
467 791
820 115
528 947
466 262
760 338
283 225
50 585
648 775
164 643
